0 1 -> 0.0336329
0 2 -> 0.0120015
0 3 -> 0.00166978
0 4 -> 0.00550708
0 5 -> 0.00361159
0 6 -> 0.00168101
0 7 -> 0.0108036
0 8 -> 0.00135477
0 9 -> 0.00118779
0 10 -> 0.000696381
0 11 -> 0.000634495
0 12 -> 0.000826329
0 13 -> 0.659455
0 14 -> 0.00134945
0 15 -> 0.00164363
0 16 -> 0.00147773
0 17 -> 0.00112369
0 18 -> 0.000817693
0 19 -> 0.0015135
0 20 -> 0.00161847
0 21 -> 0.00143962
0 22 -> 0.00155227
0 23 -> 0.00121785
0 24 -> 0.00141092
0 25 -> 0.00169338
0 26 -> 0.119512
0 27 -> 0.108529
0 28 -> 0.00140086
0 29 -> 0.00165524
0 30 -> 0.00281719
0 31 -> 0.0154592
0 32 -> 0.00191891
0 33 -> 0.0124423
0 34 -> 0.0021682
0 35 -> 0.000539588
0 36 -> 0.00218259
0 37 -> 0.00166269
0 38 -> 0.00108554
0 39 -> 0.00166329
0 40 -> 0.00106112
0 41 -> 1
0 42 -> 0.0336329
0 43 -> 0.0120015
0 44 -> 0.00166978
0 45 -> 0.00550708
0 46 -> 0.00361159
0 47 -> 0.00168101
0 48 -> 0.0108036
0 49 -> 0.00135477
0 50 -> 0.00118779
0 51 -> 0.000696381
0 52 -> 0.000634495
0 53 -> 0.000826329
0 54 -> 0.659455
0 55 -> 0.00134945
0 56 -> 0.00164363
0 57 -> 0.00147773
0 58 -> 0.00112369
0 59 -> 0.000817693
0 60 -> 0.0015135
0 61 -> 0.00161847
0 62 -> 0.00143962
0 63 -> 0.00155227
0 64 -> 0.00121785
0 65 -> 0.00141092
0 66 -> 0.00169338
0 67 -> 0.119512
0 68 -> 0.108529
0 69 -> 0.00140086
0 70 -> 0.00165524
0 71 -> 0.00281719
0 72 -> 0.0154592
0 73 -> 0.00191891
0 74 -> 0.0124423
0 75 -> 0.0021682
0 76 -> 0.000539588
0 77 -> 0.00218259
0 78 -> 0.00166269
0 79 -> 0.00108554
0 80 -> 0.00166329
0 81 -> 0.00106112
1 2 -> 0.0138782
1 3 -> 0.000979161
1 4 -> 0.00569891
1 5 -> 0.00387489
1 6 -> 0.00173912
1 7 -> 0.0116831
1 8 -> 0.00153272
1 9 -> 0.000969091
1 10 -> 0.000632023
1 11 -> 0.000649278
1 12 -> 0.000610965
1 13 -> 0.034299
1 14 -> 0.00107152
1 15 -> 0.00116369
1 16 -> 0.00109405
1 17 -> 0.0012051
1 18 -> 0.000757185
1 19 -> 0.0013397
1 20 -> 0.00128255
1 21 -> 0.00092195
1 22 -> 0.000973436
1 23 -> 0.00145749
1 24 -> 0.000918181
1 25 -> 0.00143673
1 26 -> 0.0354055
1 27 -> 0.029125
1 28 -> 0.00125394
1 29 -> 0.00201889
1 30 -> 0.00302275
1 31 -> 0.0120155
1 32 -> 0.00219716
1 33 -> 0.0136602
1 34 -> 0.00220897
1 35 -> 0.000603221
1 36 -> 0.00228556
1 37 -> 0.00206645
1 38 -> 0.00105732
1 39 -> 0.00103928
1 40 -> 0.00114926
1 41 -> 0.0336329
1 42 -> 1
1 43 -> 0.0138782
1 44 -> 0.000979161
1 45 -> 0.00569891
1 46 -> 0.00387489
1 47 -> 0.00173912
1 48 -> 0.0116831
1 49 -> 0.00153272
1 50 -> 0.000969091
1 51 -> 0.000632023
1 52 -> 0.000649278
1 53 -> 0.000610965
1 54 -> 0.034299
1 55 -> 0.00107152
1 56 -> 0.00116369
1 57 -> 0.00109405
1 58 -> 0.0012051
1 59 -> 0.000757185
1 60 -> 0.0013397
1 61 -> 0.00128255
1 62 -> 0.00092195
1 63 -> 0.000973436
1 64 -> 0.00145749
1 65 -> 0.000918181
1 66 -> 0.00143673
1 67 -> 0.0354055
1 68 -> 0.029125
1 69 -> 0.00125394
1 70 -> 0.00201889
1 71 -> 0.00302275
1 72 -> 0.0120155
1 73 -> 0.00219716
1 74 -> 0.0136602
1 75 -> 0.00220897
1 76 -> 0.000603221
1 77 -> 0.00228556
1 78 -> 0.00206645
1 79 -> 0.00105732
1 80 -> 0.00103928
1 81 -> 0.00114926
2 3 -> 0.00100247
2 4 -> 0.00380915
2 5 -> 0.0032527
2 6 -> 0.00141195
2 7 -> 0.0403587
2 8 -> 0.00161723
2 9 -> 0.00111384
2 10 -> 0.000708966
2 11 -> 0.000812298
2 12 -> 0.000742508
2 13 -> 0.0132607
2 14 -> 0.000859593
2 15 -> 0.00147666
2 16 -> 0.000888372
2 17 -> 0.00133502
2 18 -> 0.000791945
2 19 -> 0.000754958
2 20 -> 0.00110149
2 21 -> 0.000899841
2 22 -> 0.000696359
2 23 -> 0.00102861
2 24 -> 0.000646176
2 25 -> 0.0013159
2 26 -> 0.0119162
2 27 -> 0.0104057
2 28 -> 0.00111441
2 29 -> 0.00210005
2 30 -> 0.00344247
2 31 -> 0.0648003
2 32 -> 0.002212
2 33 -> 0.0708746
2 34 -> 0.00145821
2 35 -> 0.00112911
2 36 -> 0.00287628
2 37 -> 0.00200951
2 38 -> 0.000996997
2 39 -> 0.000943722
2 40 -> 0.00090669
2 41 -> 0.0120015
2 42 -> 0.0138782
2 43 -> 1
2 44 -> 0.00100247
2 45 -> 0.00380915
2 46 -> 0.0032527
2 47 -> 0.00141195
2 48 -> 0.0403587
2 49 -> 0.00161723
2 50 -> 0.00111384
2 51 -> 0.000708966
2 52 -> 0.000812298
2 53 -> 0.000742508
2 54 -> 0.0132607
2 55 -> 0.000859593
2 56 -> 0.00147666
2 57 -> 0.000888372
2 58 -> 0.00133502
2 59 -> 0.000791945
2 60 -> 0.000754958
2 61 -> 0.00110149
2 62 -> 0.000899841
2 63 -> 0.000696359
2 64 -> 0.00102861
2 65 -> 0.000646176
2 66 -> 0.0013159
2 67 -> 0.0119162
2 68 -> 0.0104057
2 69 -> 0.00111441
2 70 -> 0.00210005
2 71 -> 0.00344247
2 72 -> 0.0648003
2 73 -> 0.002212
2 74 -> 0.0708746
2 75 -> 0.00145821
2 76 -> 0.00112911
2 77 -> 0.00287628
2 78 -> 0.00200951
2 79 -> 0.000996997
2 80 -> 0.000943722
2 81 -> 0.00090669
3 4 -> 0.00120256
3 5 -> 0.00290071
3 6 -> 0.00149284
3 7 -> 0.00142335
3 8 -> 0.0229007
3 9 -> 0.0013983
3 10 -> 0.000823873
3 11 -> 0.000960655
3 12 -> 0.00120614
3 13 -> 0.00167713
3 14 -> 0.00556251
3 15 -> 0.0263166
3 16 -> 0.00570576
3 17 -> 0.00167222
3 18 -> 0.000594285
3 19 -> 0.0175845
3 20 -> 0.00142875
3 21 -> 0.00500258
3 22 -> 0.018609
3 23 -> 0.0185213
3 24 -> 0.00475761
3 25 -> 0.00324538
3 26 -> 0.0010312
3 27 -> 0.00118162
3 28 -> 0.00353317
3 29 -> 0.00161329
3 30 -> 0.00181847
3 31 -> 0.00122726
3 32 -> 0.00173857
3 33 -> 0.00119862
3 34 -> 0.00132067
3 35 -> 0.00115327
3 36 -> 0.00126923
3 37 -> 0.00155134
3 38 -> 0.00420225
3 39 -> 0.024802
3 40 -> 0.00411545
3 41 -> 0.00166978
3 42 -> 0.000979161
3 43 -> 0.00100247
3 44 -> 1
3 45 -> 0.00120256
3 46 -> 0.00290071
3 47 -> 0.00149284
3 48 -> 0.00142335
3 49 -> 0.0229007
3 50 -> 0.0013983
3 51 -> 0.000823873
3 52 -> 0.000960655
3 53 -> 0.00120614
3 54 -> 0.00167713
3 55 -> 0.00556251
3 56 -> 0.0263166
3 57 -> 0.00570576
3 58 -> 0.00167222
3 59 -> 0.000594285
3 60 -> 0.0175845
3 61 -> 0.00142875
3 62 -> 0.00500258
3 63 -> 0.018609
3 64 -> 0.0185213
3 65 -> 0.00475761
3 66 -> 0.00324538
3 67 -> 0.0010312
3 68 -> 0.00118162
3 69 -> 0.00353317
3 70 -> 0.00161329
3 71 -> 0.00181847
3 72 -> 0.00122726
3 73 -> 0.00173857
3 74 -> 0.00119862
3 75 -> 0.00132067
3 76 -> 0.00115327
3 77 -> 0.00126923
3 78 -> 0.00155134
3 79 -> 0.00420225
3 80 -> 0.024802
3 81 -> 0.00411545
4 5 -> 0.00734846
4 6 -> 0.00291755
4 7 -> 0.00395906
4 8 -> 0.00195464
4 9 -> 0.00108156
4 10 -> 0.000862251
4 11 -> 0.00096436
4 12 -> 0.00071632
4 13 -> 0.00473107
4 14 -> 0.000980964
4 15 -> 0.00219656
4 16 -> 0.000892912
4 17 -> 0.00242868
4 18 -> 0.000447912
4 19 -> 0.00140486
4 20 -> 0.00190376
4 21 -> 0.000539339
4 22 -> 0.00112181
4 23 -> 0.00142438
4 24 -> 0.000651149
4 25 -> 0.00177236
4 26 -> 0.00362177
4 27 -> 0.00361041
4 28 -> 0.00210779
4 29 -> 0.00465201
4 30 -> 0.00717827
4 31 -> 0.00367033
4 32 -> 0.00467703
4 33 -> 0.00424538
4 34 -> 0.00170924
4 35 -> 0.000701382
4 36 -> 0.00624504
4 37 -> 0.00466079
4 38 -> 0.00127837
4 39 -> 0.0016038
4 40 -> 0.00133591
4 41 -> 0.00550708
4 42 -> 0.00569891
4 43 -> 0.00380915
4 44 -> 0.00120256
4 45 -> 1
4 46 -> 0.00734846
4 47 -> 0.00291755
4 48 -> 0.00395906
4 49 -> 0.00195464
4 50 -> 0.00108156
4 51 -> 0.000862251
4 52 -> 0.00096436
4 53 -> 0.00071632
4 54 -> 0.00473107
4 55 -> 0.000980964
4 56 -> 0.00219656
4 57 -> 0.000892912
4 58 -> 0.00242868
4 59 -> 0.000447912
4 60 -> 0.00140486
4 61 -> 0.00190376
4 62 -> 0.000539339
4 63 -> 0.00112181
4 64 -> 0.00142438
4 65 -> 0.000651149
4 66 -> 0.00177236
4 67 -> 0.00362177
4 68 -> 0.00361041
4 69 -> 0.00210779
4 70 -> 0.00465201
4 71 -> 0.00717827
4 72 -> 0.00367033
4 73 -> 0.00467703
4 74 -> 0.00424538
4 75 -> 0.00170924
4 76 -> 0.000701382
4 77 -> 0.00624504
4 78 -> 0.00466079
4 79 -> 0.00127837
4 80 -> 0.0016038
4 81 -> 0.00133591
5 6 -> 0.00394976
5 7 -> 0.00338519
5 8 -> 0.00305622
5 9 -> 0.00230038
5 10 -> 0.00168501
5 11 -> 0.00142995
5 12 -> 0.0012088
5 13 -> 0.00350608
5 14 -> 0.00230948
5 15 -> 0.00267778
5 16 -> 0.00214964
5 17 -> 0.00298904
5 18 -> 0.00125558
5 19 -> 0.00256301
5 20 -> 0.00321749
5 21 -> 0.00217349
5 22 -> 0.00263551
5 23 -> 0.00253282
5 24 -> 0.00238931
5 25 -> 0.00333812
5 26 -> 0.00312873
5 27 -> 0.00306289
5 28 -> 0.00241526
5 29 -> 0.00605972
5 30 -> 0.00751762
5 31 -> 0.00312721
5 32 -> 0.00651251
5 33 -> 0.00361282
5 34 -> 0.00269821
5 35 -> 0.00136957
5 36 -> 0.00567359
5 37 -> 0.00533328
5 38 -> 0.00279451
5 39 -> 0.00257156
5 40 -> 0.00256448
5 41 -> 0.00361159
5 42 -> 0.00387489
5 43 -> 0.0032527
5 44 -> 0.00290071
5 45 -> 0.00734846
5 46 -> 1
5 47 -> 0.00394976
5 48 -> 0.00338519
5 49 -> 0.00305622
5 50 -> 0.00230038
5 51 -> 0.00168501
5 52 -> 0.00142995
5 53 -> 0.0012088
5 54 -> 0.00350608
5 55 -> 0.00230948
5 56 -> 0.00267778
5 57 -> 0.00214964
5 58 -> 0.00298904
5 59 -> 0.00125558
5 60 -> 0.00256301
5 61 -> 0.00321749
5 62 -> 0.00217349
5 63 -> 0.00263551
5 64 -> 0.00253282
5 65 -> 0.00238931
5 66 -> 0.00333812
5 67 -> 0.00312873
5 68 -> 0.00306289
5 69 -> 0.00241526
5 70 -> 0.00605972
5 71 -> 0.00751762
5 72 -> 0.00312721
5 73 -> 0.00651251
5 74 -> 0.00361282
5 75 -> 0.00269821
5 76 -> 0.00136957
5 77 -> 0.00567359
5 78 -> 0.00533328
5 79 -> 0.00279451
5 80 -> 0.00257156
5 81 -> 0.00256448
6 7 -> 0.00163558
6 8 -> 0.00158689
6 9 -> 0.00128583
6 10 -> 0.000970718
6 11 -> 0.000628384
6 12 -> 0.000939858
6 13 -> 0.0015933
6 14 -> 0.00134907
6 15 -> 0.00129054
6 16 -> 0.00129125
6 17 -> 0.00188989
6 18 -> 0.000418112
6 19 -> 0.00128859
6 20 -> 0.00142973
6 21 -> 0.00190202
6 22 -> 0.00119872
6 23 -> 0.00128588
6 24 -> 0.00161844
6 25 -> 0.00173501
6 26 -> 0.00152337
6 27 -> 0.00159925
6 28 -> 0.00166908
6 29 -> 0.0024444
6 30 -> 0.00308758
6 31 -> 0.00138517
6 32 -> 0.00269124
6 33 -> 0.00164231
6 34 -> 0.00113193
6 35 -> 0.000742578
6 36 -> 0.00278558
6 37 -> 0.00251876
6 38 -> 0.0014005
6 39 -> 0.00134793
6 40 -> 0.00134589
6 41 -> 0.00168101
6 42 -> 0.00173912
6 43 -> 0.00141195
6 44 -> 0.00149284
6 45 -> 0.00291755
6 46 -> 0.00394976
6 47 -> 1
6 48 -> 0.00163558
6 49 -> 0.00158689
6 50 -> 0.00128583
6 51 -> 0.000970718
6 52 -> 0.000628384
6 53 -> 0.000939858
6 54 -> 0.0015933
6 55 -> 0.00134907
6 56 -> 0.00129054
6 57 -> 0.00129125
6 58 -> 0.00188989
6 59 -> 0.000418112
6 60 -> 0.00128859
6 61 -> 0.00142973
6 62 -> 0.00190202
6 63 -> 0.00119872
6 64 -> 0.00128588
6 65 -> 0.00161844
6 66 -> 0.00173501
6 67 -> 0.00152337
6 68 -> 0.00159925
6 69 -> 0.00166908
6 70 -> 0.0024444
6 71 -> 0.00308758
6 72 -> 0.00138517
6 73 -> 0.00269124
6 74 -> 0.00164231
6 75 -> 0.00113193
6 76 -> 0.000742578
6 77 -> 0.00278558
6 78 -> 0.00251876
6 79 -> 0.0014005
6 80 -> 0.00134793
6 81 -> 0.00134589
7 8 -> 0.00144507
7 9 -> 0.00121663
7 10 -> 0.000758303
7 11 -> 0.000924376
7 12 -> 0.000797315
7 13 -> 0.0117858
7 14 -> 0.00166324
7 15 -> 0.00121164
7 16 -> 0.00159826
7 17 -> 0.00161692
7 18 -> 0.000633927
7 19 -> 0.00114245
7 20 -> 0.00157731
7 21 -> 0.00121615
7 22 -> 0.00118858
7 23 -> 0.00128566
7 24 -> 0.00147175
7 25 -> 0.00169649
7 26 -> 0.0110531
7 27 -> 0.010837
7 28 -> 0.00138966
7 29 -> 0.00250395
7 30 -> 0.00331901
7 31 -> 0.0530168
7 32 -> 0.00262893
7 33 -> 0.051797
7 34 -> 0.00230992
7 35 -> 0.00080932
7 36 -> 0.0025915
7 37 -> 0.00259394
7 38 -> 0.00131424
7 39 -> 0.00137319
7 40 -> 0.00118183
7 41 -> 0.0108036
7 42 -> 0.0116831
7 43 -> 0.0403587
7 44 -> 0.00142335
7 45 -> 0.00395906
7 46 -> 0.00338519
7 47 -> 0.00163558
7 48 -> 1
7 49 -> 0.00144507
7 50 -> 0.00121663
7 51 -> 0.000758303
7 52 -> 0.000924376
7 53 -> 0.000797315
7 54 -> 0.0117858
7 55 -> 0.00166324
7 56 -> 0.00121164
7 57 -> 0.00159826
7 58 -> 0.00161692
7 59 -> 0.000633927
7 60 -> 0.00114245
7 61 -> 0.00157731
7 62 -> 0.00121615
7 63 -> 0.00118858
7 64 -> 0.00128566
7 65 -> 0.00147175
7 66 -> 0.00169649
7 67 -> 0.0110531
7 68 -> 0.010837
7 69 -> 0.00138966
7 70 -> 0.00250395
7 71 -> 0.00331901
7 72 -> 0.0530168
7 73 -> 0.00262893
7 74 -> 0.051797
7 75 -> 0.00230992
7 76 -> 0.00080932
7 77 -> 0.0025915
7 78 -> 0.00259394
7 79 -> 0.00131424
7 80 -> 0.00137319
7 81 -> 0.00118183
8 9 -> 0.00124635
8 10 -> 0.00108637
8 11 -> 0.000685543
8 12 -> 0.000754711
8 13 -> 0.00138946
8 14 -> 0.00388867
8 15 -> 0.0406637
8 16 -> 0.00411086
8 17 -> 0.00187922
8 18 -> 0.000774348
8 19 -> 0.0182777
8 20 -> 0.00102489
8 21 -> 0.00389203
8 22 -> 0.0185174
8 23 -> 0.0346283
8 24 -> 0.00391126
8 25 -> 0.00274871
8 26 -> 0.00114602
8 27 -> 0.00130831
8 28 -> 0.00529148
8 29 -> 0.00168741
8 30 -> 0.00237207
8 31 -> 0.00128782
8 32 -> 0.0019694
8 33 -> 0.00167706
8 34 -> 0.000717568
8 35 -> 0.000865244
8 36 -> 0.00164518
8 37 -> 0.00181781
8 38 -> 0.0036759
8 39 -> 0.0313961
8 40 -> 0.00351334
8 41 -> 0.00135477
8 42 -> 0.00153272
8 43 -> 0.00161723
8 44 -> 0.0229007
8 45 -> 0.00195464
8 46 -> 0.00305622
8 47 -> 0.00158689
8 48 -> 0.00144507
8 49 -> 1
8 50 -> 0.00124635
8 51 -> 0.00108637
8 52 -> 0.000685543
8 53 -> 0.000754711
8 54 -> 0.00138946
8 55 -> 0.00388867
8 56 -> 0.0406637
8 57 -> 0.00411086
8 58 -> 0.00187922
8 59 -> 0.000774348
8 60 -> 0.0182777
8 61 -> 0.00102489
8 62 -> 0.00389203
8 63 -> 0.0185174
8 64 -> 0.0346283
8 65 -> 0.00391126
8 66 -> 0.00274871
8 67 -> 0.00114602
8 68 -> 0.00130831
8 69 -> 0.00529148
8 70 -> 0.00168741
8 71 -> 0.00237207
8 72 -> 0.00128782
8 73 -> 0.0019694
8 74 -> 0.00167706
8 75 -> 0.000717568
8 76 -> 0.000865244
8 77 -> 0.00164518
8 78 -> 0.00181781
8 79 -> 0.0036759
8 80 -> 0.0313961
8 81 -> 0.00351334
9 10 -> 0.000478622
9 11 -> 0.000831901
9 12 -> 0.000943864
9 13 -> 0.00111471
9 14 -> 0.00186857
9 15 -> 0.00092797
9 16 -> 0.00191349
9 17 -> 0.00201411
9 18 -> 0.000624521
9 19 -> 0.00104032
9 20 -> 0.00109885
9 21 -> 0.0018909
9 22 -> 0.00161426
9 23 -> 0.0016662
9 24 -> 0.00178792
9 25 -> 0.00157108
9 26 -> 0.00132373
9 27 -> 0.00105125
9 28 -> 0.00136363
9 29 -> 0.00140593
9 30 -> 0.00191931
9 31 -> 0.00105958
9 32 -> 0.00149699
9 33 -> 0.00100948
9 34 -> 0.000855678
9 35 -> 0.000763001
9 36 -> 0.000962887
9 37 -> 0.00155478
9 38 -> 0.00153417
9 39 -> 0.00152873
9 40 -> 0.0014754
9 41 -> 0.00118779
9 42 -> 0.000969091
9 43 -> 0.00111384
9 44 -> 0.0013983
9 45 -> 0.00108156
9 46 -> 0.00230038
9 47 -> 0.00128583
9 48 -> 0.00121663
9 49 -> 0.00124635
9 50 -> 1
9 51 -> 0.000478622
9 52 -> 0.000831901
9 53 -> 0.000943864
9 54 -> 0.00111471
9 55 -> 0.00186857
9 56 -> 0.00092797
9 57 -> 0.00191349
9 58 -> 0.00201411
9 59 -> 0.000624521
9 60 -> 0.00104032
9 61 -> 0.00109885
9 62 -> 0.0018909
9 63 -> 0.00161426
9 64 -> 0.0016662
9 65 -> 0.00178792
9 66 -> 0.00157108
9 67 -> 0.00132373
9 68 -> 0.00105125
9 69 -> 0.00136363
9 70 -> 0.00140593
9 71 -> 0.00191931
9 72 -> 0.00105958
9 73 -> 0.00149699
9 74 -> 0.00100948
9 75 -> 0.000855678
9 76 -> 0.000763001
9 77 -> 0.000962887
9 78 -> 0.00155478
9 79 -> 0.00153417
9 80 -> 0.00152873
9 81 -> 0.0014754
10 11 -> 0.0166913
10 12 -> 0.0124529
10 13 -> 0.00037634
10 14 -> 0.000606605
10 15 -> 0.000844663
10 16 -> 0.000606347
10 17 -> 0.000755734
10 18 -> 0.0147739
10 19 -> 0.000775745
10 20 -> 0.000299258
10 21 -> 0.000746137
10 22 -> 0.000761628
10 23 -> 0.000747441
10 24 -> 0.00067896
10 25 -> 0.000709999
10 26 -> 0.000762358
10 27 -> 0.000673564
10 28 -> 0.000324435
10 29 -> 0.00104682
10 30 -> 0.000974032
10 31 -> 0.0004629
10 32 -> 0.00108709
10 33 -> 0.000614428
10 34 -> 0.00105454
10 35 -> 0.0722596
10 36 -> 0.000722085
10 37 -> 0.000848093
10 38 -> 0.000890204
10 39 -> 0.000790166
10 40 -> 0.000861044
10 41 -> 0.000696381
10 42 -> 0.000632023
10 43 -> 0.000708966
10 44 -> 0.000823873
10 45 -> 0.000862251
10 46 -> 0.00168501
10 47 -> 0.000970718
10 48 -> 0.000758303
10 49 -> 0.00108637
10 50 -> 0.000478622
10 51 -> 1
10 52 -> 0.0166913
10 53 -> 0.0124529
10 54 -> 0.00037634
10 55 -> 0.000606605
10 56 -> 0.000844663
10 57 -> 0.000606347
10 58 -> 0.000755734
10 59 -> 0.0147739
10 60 -> 0.000775745
10 61 -> 0.000299258
10 62 -> 0.000746137
10 63 -> 0.000761628
10 64 -> 0.000747441
10 65 -> 0.00067896
10 66 -> 0.000709999
10 67 -> 0.000762358
10 68 -> 0.000673564
10 69 -> 0.000324435
10 70 -> 0.00104682
10 71 -> 0.000974032
10 72 -> 0.0004629
10 73 -> 0.00108709
10 74 -> 0.000614428
10 75 -> 0.00105454
10 76 -> 0.0722596
10 77 -> 0.000722085
10 78 -> 0.000848093
10 79 -> 0.000890204
10 80 -> 0.000790166
10 81 -> 0.000861044
11 12 -> 0.0891844
11 13 -> 0.000731647
11 14 -> 0.00127778
11 15 -> 0.000665708
11 16 -> 0.00113852
11 17 -> 0.00150702
11 18 -> 0.106277
11 19 -> 0.000538909
11 20 -> 0.00055695
11 21 -> 0.00110689
11 22 -> 0.000830102
11 23 -> 0.00133527
11 24 -> 0.00114986
11 25 -> 0.000939068
11 26 -> 0.000720047
11 27 -> 0.000679213
11 28 -> 0.000807653
11 29 -> 0.000794007
11 30 -> 0.00138048
11 31 -> 0.000596782
11 32 -> 0.00105523
11 33 -> 0.000811921
11 34 -> 0.000376537
11 35 -> 0.0183908
11 36 -> 0.000743141
11 37 -> 0.000904387
11 38 -> 0.000965999
11 39 -> 0.000599437
11 40 -> 0.00125037
11 41 -> 0.000634495
11 42 -> 0.000649278
11 43 -> 0.000812298
11 44 -> 0.000960655
11 45 -> 0.00096436
11 46 -> 0.00142995
11 47 -> 0.000628384
11 48 -> 0.000924376
11 49 -> 0.000685543
11 50 -> 0.000831901
11 51 -> 0.0166913
11 52 -> 1
11 53 -> 0.0891844
11 54 -> 0.000731647
11 55 -> 0.00127778
11 56 -> 0.000665708
11 57 -> 0.00113852
11 58 -> 0.00150702
11 59 -> 0.106277
11 60 -> 0.000538909
11 61 -> 0.00055695
11 62 -> 0.00110689
11 63 -> 0.000830102
11 64 -> 0.00133527
11 65 -> 0.00114986
11 66 -> 0.000939068
11 67 -> 0.000720047
11 68 -> 0.000679213
11 69 -> 0.000807653
11 70 -> 0.000794007
11 71 -> 0.00138048
11 72 -> 0.000596782
11 73 -> 0.00105523
11 74 -> 0.000811921
11 75 -> 0.000376537
11 76 -> 0.0183908
11 77 -> 0.000743141
11 78 -> 0.000904387
11 79 -> 0.000965999
11 80 -> 0.000599437
11 81 -> 0.00125037
12 13 -> 0.000764508
12 14 -> 0.00157661
12 15 -> 0.0007351
12 16 -> 0.00166939
12 17 -> 0.00106533
12 18 -> 0.083898
12 19 -> 0.000946781
12 20 -> 0.000494805
12 21 -> 0.00109554
12 22 -> 0.00121642
12 23 -> 0.000757747
12 24 -> 0.00130244
12 25 -> 0.000957671
12 26 -> 0.000666631
12 27 -> 0.00100258
12 28 -> 0.000700987
12 29 -> 0.000702389
12 30 -> 0.000904458
12 31 -> 0.000662453
12 32 -> 0.000852111
12 33 -> 0.000733909
12 34 -> 0.000845354
12 35 -> 0.0126824
12 36 -> 0.000854763
12 37 -> 0.000784149
12 38 -> 0.00106443
12 39 -> 0.00114878
12 40 -> 0.0008449
12 41 -> 0.000826329
12 42 -> 0.000610965
12 43 -> 0.000742508
12 44 -> 0.00120614
12 45 -> 0.00071632
12 46 -> 0.0012088
12 47 -> 0.000939858
12 48 -> 0.000797315
12 49 -> 0.000754711
12 50 -> 0.000943864
12 51 -> 0.0124529
12 52 -> 0.0891844
12 53 -> 1
12 54 -> 0.000764508
12 55 -> 0.00157661
12 56 -> 0.0007351
12 57 -> 0.00166939
12 58 -> 0.00106533
12 59 -> 0.083898
12 60 -> 0.000946781
12 61 -> 0.000494805
12 62 -> 0.00109554
12 63 -> 0.00121642
12 64 -> 0.000757747
12 65 -> 0.00130244
12 66 -> 0.000957671
12 67 -> 0.000666631
12 68 -> 0.00100258
12 69 -> 0.000700987
12 70 -> 0.000702389
12 71 -> 0.000904458
12 72 -> 0.000662453
12 73 -> 0.000852111
12 74 -> 0.000733909
12 75 -> 0.000845354
12 76 -> 0.0126824
12 77 -> 0.000854763
12 78 -> 0.000784149
12 79 -> 0.00106443
12 80 -> 0.00114878
12 81 -> 0.0008449
13 14 -> 0.00149365
13 15 -> 0.00158111
13 16 -> 0.00146701
13 17 -> 0.00114722
13 18 -> 0.000813412
13 19 -> 0.00158988
13 20 -> 0.00156085
13 21 -> 0.001408
13 22 -> 0.00146706
13 23 -> 0.00127993
13 24 -> 0.0013245
13 25 -> 0.00155443
13 26 -> 0.120856
13 27 -> 0.109053
13 28 -> 0.00125258
13 29 -> 0.00153587
13 30 -> 0.00283227
13 31 -> 0.0161477
13 32 -> 0.00175576
13 33 -> 0.0131603
13 34 -> 0.0025031
13 35 -> 0.000682543
13 36 -> 0.00197978
13 37 -> 0.00162004
13 38 -> 0.0010163
13 39 -> 0.00132988
13 40 -> 0.00110209
13 41 -> 0.659455
13 42 -> 0.034299
13 43 -> 0.0132607
13 44 -> 0.00167713
13 45 -> 0.00473107
13 46 -> 0.00350608
13 47 -> 0.0015933
13 48 -> 0.0117858
13 49 -> 0.00138946
13 50 -> 0.00111471
13 51 -> 0.00037634
13 52 -> 0.000731647
13 53 -> 0.000764508
13 54 -> 1
13 55 -> 0.00149365
13 56 -> 0.00158111
13 57 -> 0.00146701
13 58 -> 0.00114722
13 59 -> 0.000813412
13 60 -> 0.00158988
13 61 -> 0.00156085
13 62 -> 0.001408
13 63 -> 0.00146706
13 64 -> 0.00127993
13 65 -> 0.0013245
13 66 -> 0.00155443
13 67 -> 0.120856
13 68 -> 0.109053
13 69 -> 0.00125258
13 70 -> 0.00153587
13 71 -> 0.00283227
13 72 -> 0.0161477
13 73 -> 0.00175576
13 74 -> 0.0131603
13 75 -> 0.0025031
13 76 -> 0.000682543
13 77 -> 0.00197978
13 78 -> 0.00162004
13 79 -> 0.0010163
13 80 -> 0.00132988
13 81 -> 0.00110209
14 15 -> 0.00347815
14 16 -> 0.69235
14 17 -> 0.0034245
14 18 -> 0.00108683
14 19 -> 0.00455851
14 20 -> 0.0010789
14 21 -> 0.0518646
14 22 -> 0.0069293
14 23 -> 0.00445055
14 24 -> 0.0562825
14 25 -> 0.00410209
14 26 -> 0.0014467
14 27 -> 0.00197531
14 28 -> 0.0364997
14 29 -> 0.00164684
14 30 -> 0.00175651
14 31 -> 0.00118192
14 32 -> 0.00185797
14 33 -> 0.000952478
14 34 -> 0.00233457
14 35 -> 0.00131847
14 36 -> 0.00107682
14 37 -> 0.00157551
14 38 -> 0.0715028
14 39 -> 0.00571279
14 40 -> 0.0685341
14 41 -> 0.00134945
14 42 -> 0.00107152
14 43 -> 0.000859593
14 44 -> 0.00556251
14 45 -> 0.000980964
14 46 -> 0.00230948
14 47 -> 0.00134907
14 48 -> 0.00166324
14 49 -> 0.00388867
14 50 -> 0.00186857
14 51 -> 0.000606605
14 52 -> 0.00127778
14 53 -> 0.00157661
14 54 -> 0.00149365
14 55 -> 1
14 56 -> 0.00347815
14 57 -> 0.69235
14 58 -> 0.0034245
14 59 -> 0.00108683
14 60 -> 0.00455851
14 61 -> 0.0010789
14 62 -> 0.0518646
14 63 -> 0.0069293
14 64 -> 0.00445055
14 65 -> 0.0562825
14 66 -> 0.00410209
14 67 -> 0.0014467
14 68 -> 0.00197531
14 69 -> 0.0364997
14 70 -> 0.00164684
14 71 -> 0.00175651
14 72 -> 0.00118192
14 73 -> 0.00185797
14 74 -> 0.000952478
14 75 -> 0.00233457
14 76 -> 0.00131847
14 77 -> 0.00107682
14 78 -> 0.00157551
14 79 -> 0.0715028
14 80 -> 0.00571279
14 81 -> 0.0685341
15 16 -> 0.00367164
15 17 -> 0.00111152
15 18 -> 0.00120019
15 19 -> 0.017777
15 20 -> 0.00130866
15 21 -> 0.00388986
15 22 -> 0.0197341
15 23 -> 0.0358433
15 24 -> 0.00405197
15 25 -> 0.00309267
15 26 -> 0.00117184
15 27 -> 0.00125858
15 28 -> 0.00367508
15 29 -> 0.00149787
15 30 -> 0.00221112
15 31 -> 0.000741984
15 32 -> 0.00160177
15 33 -> 0.00148125
15 34 -> 0.000993357
15 35 -> 0.000552042
15 36 -> 0.00162212
15 37 -> 0.00136906
15 38 -> 0.00391047
15 39 -> 0.0361275
15 40 -> 0.00376658
15 41 -> 0.00164363
15 42 -> 0.00116369
15 43 -> 0.00147666
15 44 -> 0.0263166
15 45 -> 0.00219656
15 46 -> 0.00267778
15 47 -> 0.00129054
15 48 -> 0.00121164
15 49 -> 0.0406637
15 50 -> 0.00092797
15 51 -> 0.000844663
15 52 -> 0.000665708
15 53 -> 0.0007351
15 54 -> 0.00158111
15 55 -> 0.00347815
15 56 -> 1
15 57 -> 0.00367164
15 58 -> 0.00111152
15 59 -> 0.00120019
15 60 -> 0.017777
15 61 -> 0.00130866
15 62 -> 0.00388986
15 63 -> 0.0197341
15 64 -> 0.0358433
15 65 -> 0.00405197
15 66 -> 0.00309267
15 67 -> 0.00117184
15 68 -> 0.00125858
15 69 -> 0.00367508
15 70 -> 0.00149787
15 71 -> 0.00221112
15 72 -> 0.000741984
15 73 -> 0.00160177
15 74 -> 0.00148125
15 75 -> 0.000993357
15 76 -> 0.000552042
15 77 -> 0.00162212
15 78 -> 0.00136906
15 79 -> 0.00391047
15 80 -> 0.0361275
15 81 -> 0.00376658
16 17 -> 0.00336234
16 18 -> 0.000978765
16 19 -> 0.00455084
16 20 -> 0.00125568
16 21 -> 0.0533493
16 22 -> 0.00721999
16 23 -> 0.00419083
16 24 -> 0.0583981
16 25 -> 0.00370223
16 26 -> 0.00170697
16 27 -> 0.0023833
16 28 -> 0.037216
16 29 -> 0.00152901
16 30 -> 0.00189533
16 31 -> 0.00125345
16 32 -> 0.00174561
16 33 -> 0.00116156
16 34 -> 0.00216705
16 35 -> 0.0010682
16 36 -> 0.00112688
16 37 -> 0.00153885
16 38 -> 0.0738517
16 39 -> 0.00597669
16 40 -> 0.0705281
16 41 -> 0.00147773
16 42 -> 0.00109405
16 43 -> 0.000888372
16 44 -> 0.00570576
16 45 -> 0.000892912
16 46 -> 0.00214964
16 47 -> 0.00129125
16 48 -> 0.00159826
16 49 -> 0.00411086
16 50 -> 0.00191349
16 51 -> 0.000606347
16 52 -> 0.00113852
16 53 -> 0.00166939
16 54 -> 0.00146701
16 55 -> 0.69235
16 56 -> 0.00367164
16 57 -> 1
16 58 -> 0.00336234
16 59 -> 0.000978765
16 60 -> 0.00455084
16 61 -> 0.00125568
16 62 -> 0.0533493
16 63 -> 0.00721999
16 64 -> 0.00419083
16 65 -> 0.0583981
16 66 -> 0.00370223
16 67 -> 0.00170697
16 68 -> 0.0023833
16 69 -> 0.037216
16 70 -> 0.00152901
16 71 -> 0.00189533
16 72 -> 0.00125345
16 73 -> 0.00174561
16 74 -> 0.00116156
16 75 -> 0.00216705
16 76 -> 0.0010682
16 77 -> 0.00112688
16 78 -> 0.00153885
16 79 -> 0.0738517
16 80 -> 0.00597669
16 81 -> 0.0705281
17 18 -> 0.000895285
17 19 -> 0.00169097
17 20 -> 0.00174925
17 21 -> 0.00315936
17 22 -> 0.00400035
17 23 -> 0.00164256
17 24 -> 0.00336795
17 25 -> 0.00234946
17 26 -> 0.00147335
17 27 -> 0.00159285
17 28 -> 0.00174399
17 29 -> 0.0345787
17 30 -> 0.0206147
17 31 -> 0.00164803
17 32 -> 0.0333101
17 33 -> 0.00128644
17 34 -> 0.00190179
17 35 -> 0.000655446
17 36 -> 0.0381548
17 37 -> 0.0357813
17 38 -> 0.00236096
17 39 -> 0.00396143
17 40 -> 0.00219643
17 41 -> 0.00112369
17 42 -> 0.0012051
17 43 -> 0.00133502
17 44 -> 0.00167222
17 45 -> 0.00242868
17 46 -> 0.00298904
17 47 -> 0.00188989
17 48 -> 0.00161692
17 49 -> 0.00187922
17 50 -> 0.00201411
17 51 -> 0.000755734
17 52 -> 0.00150702
17 53 -> 0.00106533
17 54 -> 0.00114722
17 55 -> 0.0034245
17 56 -> 0.00111152
17 57 -> 0.00336234
17 58 -> 1
17 59 -> 0.000895285
17 60 -> 0.00169097
17 61 -> 0.00174925
17 62 -> 0.00315936
17 63 -> 0.00400035
17 64 -> 0.00164256
17 65 -> 0.00336795
17 66 -> 0.00234946
17 67 -> 0.00147335
17 68 -> 0.00159285
17 69 -> 0.00174399
17 70 -> 0.0345787
17 71 -> 0.0206147
17 72 -> 0.00164803
17 73 -> 0.0333101
17 74 -> 0.00128644
17 75 -> 0.00190179
17 76 -> 0.000655446
17 77 -> 0.0381548
17 78 -> 0.0357813
17 79 -> 0.00236096
17 80 -> 0.00396143
17 81 -> 0.00219643
18 19 -> 0.000925509
18 20 -> 0.000669493
18 21 -> 0.000905856
18 22 -> 0.00113295
18 23 -> 0.00117859
18 24 -> 0.000646905
18 25 -> 0.00101956
18 26 -> 0.000710157
18 27 -> 0.000833587
18 28 -> 0.000568348
18 29 -> 0.00101883
18 30 -> 0.000892605
18 31 -> 0.00066613
18 32 -> 0.000884629
18 33 -> 0.000616347
18 34 -> 0.000570974
18 35 -> 0.0182415
18 36 -> 0.000877619
18 37 -> 0.000891282
18 38 -> 0.000716437
18 39 -> 0.000734621
18 40 -> 0.000719215
18 41 -> 0.000817693
18 42 -> 0.000757185
18 43 -> 0.000791945
18 44 -> 0.000594285
18 45 -> 0.000447912
18 46 -> 0.00125558
18 47 -> 0.000418112
18 48 -> 0.000633927
18 49 -> 0.000774348
18 50 -> 0.000624521
18 51 -> 0.0147739
18 52 -> 0.106277
18 53 -> 0.083898
18 54 -> 0.000813412
18 55 -> 0.00108683
18 56 -> 0.00120019
18 57 -> 0.000978765
18 58 -> 0.000895285
18 59 -> 1
18 60 -> 0.000925509
18 61 -> 0.000669493
18 62 -> 0.000905856
18 63 -> 0.00113295
18 64 -> 0.00117859
18 65 -> 0.000646905
18 66 -> 0.00101956
18 67 -> 0.000710157
18 68 -> 0.000833587
18 69 -> 0.000568348
18 70 -> 0.00101883
18 71 -> 0.000892605
18 72 -> 0.00066613
18 73 -> 0.000884629
18 74 -> 0.000616347
18 75 -> 0.000570974
18 76 -> 0.0182415
18 77 -> 0.000877619
18 78 -> 0.000891282
18 79 -> 0.000716437
18 80 -> 0.000734621
18 81 -> 0.000719215
19 20 -> 0.00123284
19 21 -> 0.00419651
19 22 -> 0.0855771
19 23 -> 0.0163173
19 24 -> 0.00444017
19 25 -> 0.00290876
19 26 -> 0.0014004
19 27 -> 0.00115463
19 28 -> 0.00366458
19 29 -> 0.00154821
19 30 -> 0.00186445
19 31 -> 0.000911637
19 32 -> 0.00168222
19 33 -> 0.000927605
19 34 -> 0.00155344
19 35 -> 0.000915373
19 36 -> 0.00163013
19 37 -> 0.00171549
19 38 -> 0.00375796
19 39 -> 0.0185506
19 40 -> 0.0033682
19 41 -> 0.0015135
19 42 -> 0.0013397
19 43 -> 0.000754958
19 44 -> 0.0175845
19 45 -> 0.00140486
19 46 -> 0.00256301
19 47 -> 0.00128859
19 48 -> 0.00114245
19 49 -> 0.0182777
19 50 -> 0.00104032
19 51 -> 0.000775745
19 52 -> 0.000538909
19 53 -> 0.000946781
19 54 -> 0.00158988
19 55 -> 0.00455851
19 56 -> 0.017777
19 57 -> 0.00455084
19 58 -> 0.00169097
19 59 -> 0.000925509
19 60 -> 1
19 61 -> 0.00123284
19 62 -> 0.00419651
19 63 -> 0.0855771
19 64 -> 0.0163173
19 65 -> 0.00444017
19 66 -> 0.00290876
19 67 -> 0.0014004
19 68 -> 0.00115463
19 69 -> 0.00366458
19 70 -> 0.00154821
19 71 -> 0.00186445
19 72 -> 0.000911637
19 73 -> 0.00168222
19 74 -> 0.000927605
19 75 -> 0.00155344
19 76 -> 0.000915373
19 77 -> 0.00163013
19 78 -> 0.00171549
19 79 -> 0.00375796
19 80 -> 0.0185506
19 81 -> 0.0033682
20 21 -> 0.00110349
20 22 -> 0.00119429
20 23 -> 0.00141183
20 24 -> 0.001277
20 25 -> 0.00165983
20 26 -> 0.00107399
20 27 -> 0.00104668
20 28 -> 0.0010467
20 29 -> 0.0020312
20 30 -> 0.00231393
20 31 -> 0.00151742
20 32 -> 0.00190431
20 33 -> 0.0013045
20 34 -> 0.00117432
20 35 -> 0.000376163
20 36 -> 0.001697
20 37 -> 0.00195087
20 38 -> 0.00114562
20 39 -> 0.00109256
20 40 -> 0.00120133
20 41 -> 0.00161847
20 42 -> 0.00128255
20 43 -> 0.00110149
20 44 -> 0.00142875
20 45 -> 0.00190376
20 46 -> 0.00321749
20 47 -> 0.00142973
20 48 -> 0.00157731
20 49 -> 0.00102489
20 50 -> 0.00109885
20 51 -> 0.000299258
20 52 -> 0.00055695
20 53 -> 0.000494805
20 54 -> 0.00156085
20 55 -> 0.0010789
20 56 -> 0.00130866
20 57 -> 0.00125568
20 58 -> 0.00174925
20 59 -> 0.000669493
20 60 -> 0.00123284
20 61 -> 1
20 62 -> 0.00110349
20 63 -> 0.00119429
20 64 -> 0.00141183
20 65 -> 0.001277
20 66 -> 0.00165983
20 67 -> 0.00107399
20 68 -> 0.00104668
20 69 -> 0.0010467
20 70 -> 0.0020312
20 71 -> 0.00231393
20 72 -> 0.00151742
20 73 -> 0.00190431
20 74 -> 0.0013045
20 75 -> 0.00117432
20 76 -> 0.000376163
20 77 -> 0.001697
20 78 -> 0.00195087
20 79 -> 0.00114562
20 80 -> 0.00109256
20 81 -> 0.00120133
21 22 -> 0.00591121
21 23 -> 0.00421203
21 24 -> 0.590067
21 25 -> 0.00336206
21 26 -> 0.00172239
21 27 -> 0.00184917
21 28 -> 0.0265721
21 29 -> 0.00150363
21 30 -> 0.00148452
21 31 -> 0.00200447
21 32 -> 0.00172315
21 33 -> 0.00131578
21 34 -> 0.00186307
21 35 -> 0.000905258
21 36 -> 0.00120753
21 37 -> 0.00188374
21 38 -> 0.0433653
21 39 -> 0.00463454
21 40 -> 0.040357
21 41 -> 0.00143962
21 42 -> 0.00092195
21 43 -> 0.000899841
21 44 -> 0.00500258
21 45 -> 0.000539339
21 46 -> 0.00217349
21 47 -> 0.00190202
21 48 -> 0.00121615
21 49 -> 0.00389203
21 50 -> 0.0018909
21 51 -> 0.000746137
21 52 -> 0.00110689
21 53 -> 0.00109554
21 54 -> 0.001408
21 55 -> 0.0518646
21 56 -> 0.00388986
21 57 -> 0.0533493
21 58 -> 0.00315936
21 59 -> 0.000905856
21 60 -> 0.00419651
21 61 -> 0.00110349
21 62 -> 1
21 63 -> 0.00591121
21 64 -> 0.00421203
21 65 -> 0.590067
21 66 -> 0.00336206
21 67 -> 0.00172239
21 68 -> 0.00184917
21 69 -> 0.0265721
21 70 -> 0.00150363
21 71 -> 0.00148452
21 72 -> 0.00200447
21 73 -> 0.00172315
21 74 -> 0.00131578
21 75 -> 0.00186307
21 76 -> 0.000905258
21 77 -> 0.00120753
21 78 -> 0.00188374
21 79 -> 0.0433653
21 80 -> 0.00463454
21 81 -> 0.040357
22 23 -> 0.016025
22 24 -> 0.00614215
22 25 -> 0.00358891
22 26 -> 0.00166548
22 27 -> 0.00121018
22 28 -> 0.00409424
22 29 -> 0.00134143
22 30 -> 0.0017444
22 31 -> 0.00122097
22 32 -> 0.00156871
22 33 -> 0.00119727
22 34 -> 0.0014114
22 35 -> 0.00112948
22 36 -> 0.00142671
22 37 -> 0.00146267
22 38 -> 0.00446831
22 39 -> 0.0241201
22 40 -> 0.004091
22 41 -> 0.00155227
22 42 -> 0.000973436
22 43 -> 0.000696359
22 44 -> 0.018609
22 45 -> 0.00112181
22 46 -> 0.00263551
22 47 -> 0.00119872
22 48 -> 0.00118858
22 49 -> 0.0185174
22 50 -> 0.00161426
22 51 -> 0.000761628
22 52 -> 0.000830102
22 53 -> 0.00121642
22 54 -> 0.00146706
22 55 -> 0.0069293
22 56 -> 0.0197341
22 57 -> 0.00721999
22 58 -> 0.00400035
22 59 -> 0.00113295
22 60 -> 0.0855771
22 61 -> 0.00119429
22 62 -> 0.00591121
22 63 -> 1
22 64 -> 0.016025
22 65 -> 0.00614215
22 66 -> 0.00358891
22 67 -> 0.00166548
22 68 -> 0.00121018
22 69 -> 0.00409424
22 70 -> 0.00134143
22 71 -> 0.0017444
22 72 -> 0.00122097
22 73 -> 0.00156871
22 74 -> 0.00119727
22 75 -> 0.0014114
22 76 -> 0.00112948
22 77 -> 0.00142671
22 78 -> 0.00146267
22 79 -> 0.00446831
22 80 -> 0.0241201
22 81 -> 0.004091
23 24 -> 0.00445291
23 25 -> 0.00278015
23 26 -> 0.00119831
23 27 -> 0.0014524
23 28 -> 0.00464396
23 29 -> 0.00169469
23 30 -> 0.00180658
23 31 -> 0.00125297
23 32 -> 0.00182449
23 33 -> 0.00122302
23 34 -> 0.000972608
23 35 -> 0.00100312
23 36 -> 0.0012553
23 37 -> 0.00165303
23 38 -> 0.00320722
23 39 -> 0.0315994
23 40 -> 0.00304062
23 41 -> 0.00121785
23 42 -> 0.00145749
23 43 -> 0.00102861
23 44 -> 0.0185213
23 45 -> 0.00142438
23 46 -> 0.00253282
23 47 -> 0.00128588
23 48 -> 0.00128566
23 49 -> 0.0346283
23 50 -> 0.0016662
23 51 -> 0.000747441
23 52 -> 0.00133527
23 53 -> 0.000757747
23 54 -> 0.00127993
23 55 -> 0.00445055
23 56 -> 0.0358433
23 57 -> 0.00419083
23 58 -> 0.00164256
23 59 -> 0.00117859
23 60 -> 0.0163173
23 61 -> 0.00141183
23 62 -> 0.00421203
23 63 -> 0.016025
23 64 -> 1
23 65 -> 0.00445291
23 66 -> 0.00278015
23 67 -> 0.00119831
23 68 -> 0.0014524
23 69 -> 0.00464396
23 70 -> 0.00169469
23 71 -> 0.00180658
23 72 -> 0.00125297
23 73 -> 0.00182449
23 74 -> 0.00122302
23 75 -> 0.000972608
23 76 -> 0.00100312
23 77 -> 0.0012553
23 78 -> 0.00165303
23 79 -> 0.00320722
23 80 -> 0.0315994
23 81 -> 0.00304062
24 25 -> 0.00323995
24 26 -> 0.0016094
24 27 -> 0.00207477
24 28 -> 0.0270695
24 29 -> 0.00147847
24 30 -> 0.00153464
24 31 -> 0.00163995
24 32 -> 0.00169512
24 33 -> 0.00116629
24 34 -> 0.00185336
24 35 -> 0.000986398
24 36 -> 0.00111126
24 37 -> 0.00174831
24 38 -> 0.0435253
24 39 -> 0.00479778
24 40 -> 0.0406428
24 41 -> 0.00141092
24 42 -> 0.000918181
24 43 -> 0.000646176
24 44 -> 0.00475761
24 45 -> 0.000651149
24 46 -> 0.00238931
24 47 -> 0.00161844
24 48 -> 0.00147175
24 49 -> 0.00391126
24 50 -> 0.00178792
24 51 -> 0.00067896
24 52 -> 0.00114986
24 53 -> 0.00130244
24 54 -> 0.0013245
24 55 -> 0.0562825
24 56 -> 0.00405197
24 57 -> 0.0583981
24 58 -> 0.00336795
24 59 -> 0.000646905
24 60 -> 0.00444017
24 61 -> 0.001277
24 62 -> 0.590067
24 63 -> 0.00614215
24 64 -> 0.00445291
24 65 -> 1
24 66 -> 0.00323995
24 67 -> 0.0016094
24 68 -> 0.00207477
24 69 -> 0.0270695
24 70 -> 0.00147847
24 71 -> 0.00153464
24 72 -> 0.00163995
24 73 -> 0.00169512
24 74 -> 0.00116629
24 75 -> 0.00185336
24 76 -> 0.000986398
24 77 -> 0.00111126
24 78 -> 0.00174831
24 79 -> 0.0435253
24 80 -> 0.00479778
24 81 -> 0.0406428
25 26 -> 0.00164345
25 27 -> 0.00164351
25 28 -> 0.00228322
25 29 -> 0.00183825
25 30 -> 0.00240133
25 31 -> 0.0017607
25 32 -> 0.00211684
25 33 -> 0.00150525
25 34 -> 0.00201101
25 35 -> 0.000785268
25 36 -> 0.00174011
25 37 -> 0.00172438
25 38 -> 0.00278202
25 39 -> 0.00383377
25 40 -> 0.00276895
25 41 -> 0.00169338
25 42 -> 0.00143673
25 43 -> 0.0013159
25 44 -> 0.00324538
25 45 -> 0.00177236
25 46 -> 0.00333812
25 47 -> 0.00173501
25 48 -> 0.00169649
25 49 -> 0.00274871
25 50 -> 0.00157108
25 51 -> 0.000709999
25 52 -> 0.000939068
25 53 -> 0.000957671
25 54 -> 0.00155443
25 55 -> 0.00410209
25 56 -> 0.00309267
25 57 -> 0.00370223
25 58 -> 0.00234946
25 59 -> 0.00101956
25 60 -> 0.00290876
25 61 -> 0.00165983
25 62 -> 0.00336206
25 63 -> 0.00358891
25 64 -> 0.00278015
25 65 -> 0.00323995
25 66 -> 1
25 67 -> 0.00164345
25 68 -> 0.00164351
25 69 -> 0.00228322
25 70 -> 0.00183825
25 71 -> 0.00240133
25 72 -> 0.0017607
25 73 -> 0.00211684
25 74 -> 0.00150525
25 75 -> 0.00201101
25 76 -> 0.000785268
25 77 -> 0.00174011
25 78 -> 0.00172438
25 79 -> 0.00278202
25 80 -> 0.00383377
25 81 -> 0.00276895
26 27 -> 0.247425
26 28 -> 0.00126919
26 29 -> 0.00174208
26 30 -> 0.0027122
26 31 -> 0.0154733
26 32 -> 0.00177061
26 33 -> 0.0123808
26 34 -> 0.00221061
26 35 -> 0.000905821
26 36 -> 0.00172125
26 37 -> 0.00154149
26 38 -> 0.0014288
26 39 -> 0.00138439
26 40 -> 0.00168175
26 41 -> 0.119512
26 42 -> 0.0354055
26 43 -> 0.0119162
26 44 -> 0.0010312
26 45 -> 0.00362177
26 46 -> 0.00312873
26 47 -> 0.00152337
26 48 -> 0.0110531
26 49 -> 0.00114602
26 50 -> 0.00132373
26 51 -> 0.000762358
26 52 -> 0.000720047
26 53 -> 0.000666631
26 54 -> 0.120856
26 55 -> 0.0014467
26 56 -> 0.00117184
26 57 -> 0.00170697
26 58 -> 0.00147335
26 59 -> 0.000710157
26 60 -> 0.0014004
26 61 -> 0.00107399
26 62 -> 0.00172239
26 63 -> 0.00166548
26 64 -> 0.00119831
26 65 -> 0.0016094
26 66 -> 0.00164345
26 67 -> 1
26 68 -> 0.247425
26 69 -> 0.00126919
26 70 -> 0.00174208
26 71 -> 0.0027122
26 72 -> 0.0154733
26 73 -> 0.00177061
26 74 -> 0.0123808
26 75 -> 0.00221061
26 76 -> 0.000905821
26 77 -> 0.00172125
26 78 -> 0.00154149
26 79 -> 0.0014288
26 80 -> 0.00138439
26 81 -> 0.00168175
27 28 -> 0.00115793
27 29 -> 0.00141306
27 30 -> 0.00234273
27 31 -> 0.0147017
27 32 -> 0.00145226
27 33 -> 0.0103137
27 34 -> 0.00231194
27 35 -> 0.000797784
27 36 -> 0.00145459
27 37 -> 0.00148084
27 38 -> 0.00160322
27 39 -> 0.00159744
27 40 -> 0.00146553
27 41 -> 0.108529
27 42 -> 0.029125
27 43 -> 0.0104057
27 44 -> 0.00118162
27 45 -> 0.00361041
27 46 -> 0.00306289
27 47 -> 0.00159925
27 48 -> 0.010837
27 49 -> 0.00130831
27 50 -> 0.00105125
27 51 -> 0.000673564
27 52 -> 0.000679213
27 53 -> 0.00100258
27 54 -> 0.109053
27 55 -> 0.00197531
27 56 -> 0.00125858
27 57 -> 0.0023833
27 58 -> 0.00159285
27 59 -> 0.000833587
27 60 -> 0.00115463
27 61 -> 0.00104668
27 62 -> 0.00184917
27 63 -> 0.00121018
27 64 -> 0.0014524
27 65 -> 0.00207477
27 66 -> 0.00164351
27 67 -> 0.247425
27 68 -> 1
27 69 -> 0.00115793
27 70 -> 0.00141306
27 71 -> 0.00234273
27 72 -> 0.0147017
27 73 -> 0.00145226
27 74 -> 0.0103137
27 75 -> 0.00231194
27 76 -> 0.000797784
27 77 -> 0.00145459
27 78 -> 0.00148084
27 79 -> 0.00160322
27 80 -> 0.00159744
27 81 -> 0.00146553
28 29 -> 0.0019505
28 30 -> 0.00208712
28 31 -> 0.00126215
28 32 -> 0.00192752
28 33 -> 0.00128216
28 34 -> 0.000994065
28 35 -> 0.000473687
28 36 -> 0.00173236
28 37 -> 0.00159499
28 38 -> 0.0345754
28 39 -> 0.00399598
28 40 -> 0.0339044
28 41 -> 0.00140086
28 42 -> 0.00125394
28 43 -> 0.00111441
28 44 -> 0.00353317
28 45 -> 0.00210779
28 46 -> 0.00241526
28 47 -> 0.00166908
28 48 -> 0.00138966
28 49 -> 0.00529148
28 50 -> 0.00136363
28 51 -> 0.000324435
28 52 -> 0.000807653
28 53 -> 0.000700987
28 54 -> 0.00125258
28 55 -> 0.0364997
28 56 -> 0.00367508
28 57 -> 0.037216
28 58 -> 0.00174399
28 59 -> 0.000568348
28 60 -> 0.00366458
28 61 -> 0.0010467
28 62 -> 0.0265721
28 63 -> 0.00409424
28 64 -> 0.00464396
28 65 -> 0.0270695
28 66 -> 0.00228322
28 67 -> 0.00126919
28 68 -> 0.00115793
28 69 -> 1
28 70 -> 0.0019505
28 71 -> 0.00208712
28 72 -> 0.00126215
28 73 -> 0.00192752
28 74 -> 0.00128216
28 75 -> 0.000994065
28 76 -> 0.000473687
28 77 -> 0.00173236
28 78 -> 0.00159499
28 79 -> 0.0345754
28 80 -> 0.00399598
28 81 -> 0.0339044
29 30 -> 0.031431
29 31 -> 0.00145564
29 32 -> 0.718721
29 33 -> 0.0017706
29 34 -> 0.00135971
29 35 -> 0.000582235
29 36 -> 0.087958
29 37 -> 0.689258
29 38 -> 0.00200509
29 39 -> 0.00109849
29 40 -> 0.00201508
29 41 -> 0.00165524
29 42 -> 0.00201889
29 43 -> 0.00210005
29 44 -> 0.00161329
29 45 -> 0.00465201
29 46 -> 0.00605972
29 47 -> 0.0024444
29 48 -> 0.00250395
29 49 -> 0.00168741
29 50 -> 0.00140593
29 51 -> 0.00104682
29 52 -> 0.000794007
29 53 -> 0.000702389
29 54 -> 0.00153587
29 55 -> 0.00164684
29 56 -> 0.00149787
29 57 -> 0.00152901
29 58 -> 0.0345787
29 59 -> 0.00101883
29 60 -> 0.00154821
29 61 -> 0.0020312
29 62 -> 0.00150363
29 63 -> 0.00134143
29 64 -> 0.00169469
29 65 -> 0.00147847
29 66 -> 0.00183825
29 67 -> 0.00174208
29 68 -> 0.00141306
29 69 -> 0.0019505
29 70 -> 1
29 71 -> 0.031431
29 72 -> 0.00145564
29 73 -> 0.718721
29 74 -> 0.0017706
29 75 -> 0.00135971
29 76 -> 0.000582235
29 77 -> 0.087958
29 78 -> 0.689258
29 79 -> 0.00200509
29 80 -> 0.00109849
29 81 -> 0.00201508
30 31 -> 0.00275474
30 32 -> 0.0308697
30 33 -> 0.00324658
30 34 -> 0.00212149
30 35 -> 0.00129099
30 36 -> 0.0353183
30 37 -> 0.0324223
30 38 -> 0.00241571
30 39 -> 0.00188926
30 40 -> 0.00234482
30 41 -> 0.00281719
30 42 -> 0.00302275
30 43 -> 0.00344247
30 44 -> 0.00181847
30 45 -> 0.00717827
30 46 -> 0.00751762
30 47 -> 0.00308758
30 48 -> 0.00331901
30 49 -> 0.00237207
30 50 -> 0.00191931
30 51 -> 0.000974032
30 52 -> 0.00138048
30 53 -> 0.000904458
30 54 -> 0.00283227
30 55 -> 0.00175651
30 56 -> 0.00221112
30 57 -> 0.00189533
30 58 -> 0.0206147
30 59 -> 0.000892605
30 60 -> 0.00186445
30 61 -> 0.00231393
30 62 -> 0.00148452
30 63 -> 0.0017444
30 64 -> 0.00180658
30 65 -> 0.00153464
30 66 -> 0.00240133
30 67 -> 0.0027122
30 68 -> 0.00234273
30 69 -> 0.00208712
30 70 -> 0.031431
30 71 -> 1
30 72 -> 0.00275474
30 73 -> 0.0308697
30 74 -> 0.00324658
30 75 -> 0.00212149
30 76 -> 0.00129099
30 77 -> 0.0353183
30 78 -> 0.0324223
30 79 -> 0.00241571
30 80 -> 0.00188926
30 81 -> 0.00234482
31 32 -> 0.00148487
31 33 -> 0.185178
31 34 -> 0.00219209
31 35 -> 0.00073055
31 36 -> 0.00162391
31 37 -> 0.00145483
31 38 -> 0.00171952
31 39 -> 0.00149921
31 40 -> 0.00146641
31 41 -> 0.0154592
31 42 -> 0.0120155
31 43 -> 0.0648003
31 44 -> 0.00122726
31 45 -> 0.00367033
31 46 -> 0.00312721
31 47 -> 0.00138517
31 48 -> 0.0530168
31 49 -> 0.00128782
31 50 -> 0.00105958
31 51 -> 0.0004629
31 52 -> 0.000596782
31 53 -> 0.000662453
31 54 -> 0.0161477
31 55 -> 0.00118192
31 56 -> 0.000741984
31 57 -> 0.00125345
31 58 -> 0.00164803
31 59 -> 0.00066613
31 60 -> 0.000911637
31 61 -> 0.00151742
31 62 -> 0.00200447
31 63 -> 0.00122097
31 64 -> 0.00125297
31 65 -> 0.00163995
31 66 -> 0.0017607
31 67 -> 0.0154733
31 68 -> 0.0147017
31 69 -> 0.00126215
31 70 -> 0.00145564
31 71 -> 0.00275474
31 72 -> 1
31 73 -> 0.00148487
31 74 -> 0.185178
31 75 -> 0.00219209
31 76 -> 0.00073055
31 77 -> 0.00162391
31 78 -> 0.00145483
31 79 -> 0.00171952
31 80 -> 0.00149921
31 81 -> 0.00146641
32 33 -> 0.00197533
32 34 -> 0.00144299
32 35 -> 0.00056613
32 36 -> 0.0847902
32 37 -> 0.711657
32 38 -> 0.00228475
32 39 -> 0.00153906
32 40 -> 0.00231876
32 41 -> 0.00191891
32 42 -> 0.00219716
32 43 -> 0.002212
32 44 -> 0.00173857
32 45 -> 0.00467703
32 46 -> 0.00651251
32 47 -> 0.00269124
32 48 -> 0.00262893
32 49 -> 0.0019694
32 50 -> 0.00149699
32 51 -> 0.00108709
32 52 -> 0.00105523
32 53 -> 0.000852111
32 54 -> 0.00175576
32 55 -> 0.00185797
32 56 -> 0.00160177
32 57 -> 0.00174561
32 58 -> 0.0333101
32 59 -> 0.000884629
32 60 -> 0.00168222
32 61 -> 0.00190431
32 62 -> 0.00172315
32 63 -> 0.00156871
32 64 -> 0.00182449
32 65 -> 0.00169512
32 66 -> 0.00211684
32 67 -> 0.00177061
32 68 -> 0.00145226
32 69 -> 0.00192752
32 70 -> 0.718721
32 71 -> 0.0308697
32 72 -> 0.00148487
32 73 -> 1
32 74 -> 0.00197533
32 75 -> 0.00144299
32 76 -> 0.00056613
32 77 -> 0.0847902
32 78 -> 0.711657
32 79 -> 0.00228475
32 80 -> 0.00153906
32 81 -> 0.00231876
33 34 -> 0.00167068
33 35 -> 0.00130737
33 36 -> 0.00221632
33 37 -> 0.00180585
33 38 -> 0.00130587
33 39 -> 0.00148336
33 40 -> 0.00127856
33 41 -> 0.0124423
33 42 -> 0.0136602
33 43 -> 0.0708746
33 44 -> 0.00119862
33 45 -> 0.00424538
33 46 -> 0.00361282
33 47 -> 0.00164231
33 48 -> 0.051797
33 49 -> 0.00167706
33 50 -> 0.00100948
33 51 -> 0.000614428
33 52 -> 0.000811921
33 53 -> 0.000733909
33 54 -> 0.0131603
33 55 -> 0.000952478
33 56 -> 0.00148125
33 57 -> 0.00116156
33 58 -> 0.00128644
33 59 -> 0.000616347
33 60 -> 0.000927605
33 61 -> 0.0013045
33 62 -> 0.00131578
33 63 -> 0.00119727
33 64 -> 0.00122302
33 65 -> 0.00116629
33 66 -> 0.00150525
33 67 -> 0.0123808
33 68 -> 0.0103137
33 69 -> 0.00128216
33 70 -> 0.0017706
33 71 -> 0.00324658
33 72 -> 0.185178
33 73 -> 0.00197533
33 74 -> 1
33 75 -> 0.00167068
33 76 -> 0.00130737
33 77 -> 0.00221632
33 78 -> 0.00180585
33 79 -> 0.00130587
33 80 -> 0.00148336
33 81 -> 0.00127856
34 35 -> 0.000762044
34 36 -> 0.00145031
34 37 -> 0.00132749
34 38 -> 0.00171167
34 39 -> 0.00145952
34 40 -> 0.00149853
34 41 -> 0.0021682
34 42 -> 0.00220897
34 43 -> 0.00145821
34 44 -> 0.00132067
34 45 -> 0.00170924
34 46 -> 0.00269821
34 47 -> 0.00113193
34 48 -> 0.00230992
34 49 -> 0.000717568
34 50 -> 0.000855678
34 51 -> 0.00105454
34 52 -> 0.000376537
34 53 -> 0.000845354
34 54 -> 0.0025031
34 55 -> 0.00233457
34 56 -> 0.000993357
34 57 -> 0.00216705
34 58 -> 0.00190179
34 59 -> 0.000570974
34 60 -> 0.00155344
34 61 -> 0.00117432
34 62 -> 0.00186307
34 63 -> 0.0014114
34 64 -> 0.000972608
34 65 -> 0.00185336
34 66 -> 0.00201101
34 67 -> 0.00221061
34 68 -> 0.00231194
34 69 -> 0.000994065
34 70 -> 0.00135971
34 71 -> 0.00212149
34 72 -> 0.00219209
34 73 -> 0.00144299
34 74 -> 0.00167068
34 75 -> 1
34 76 -> 0.000762044
34 77 -> 0.00145031
34 78 -> 0.00132749
34 79 -> 0.00171167
34 80 -> 0.00145952
34 81 -> 0.00149853
35 36 -> 0.00123686
35 37 -> 0.00064107
35 38 -> 0.00121264
35 39 -> 0.00083291
35 40 -> 0.000649596
35 41 -> 0.000539588
35 42 -> 0.000603221
35 43 -> 0.00112911
35 44 -> 0.00115327
35 45 -> 0.000701382
35 46 -> 0.00136957
35 47 -> 0.000742578
35 48 -> 0.00080932
35 49 -> 0.000865244
35 50 -> 0.000763001
35 51 -> 0.0722596
35 52 -> 0.0183908
35 53 -> 0.0126824
35 54 -> 0.000682543
35 55 -> 0.00131847
35 56 -> 0.000552042
35 57 -> 0.0010682
35 58 -> 0.000655446
35 59 -> 0.0182415
35 60 -> 0.000915373
35 61 -> 0.000376163
35 62 -> 0.000905258
35 63 -> 0.00112948
35 64 -> 0.00100312
35 65 -> 0.000986398
35 66 -> 0.000785268
35 67 -> 0.000905821
35 68 -> 0.000797784
35 69 -> 0.000473687
35 70 -> 0.000582235
35 71 -> 0.00129099
35 72 -> 0.00073055
35 73 -> 0.00056613
35 74 -> 0.00130737
35 75 -> 0.000762044
35 76 -> 1
35 77 -> 0.00123686
35 78 -> 0.00064107
35 79 -> 0.00121264
35 80 -> 0.00083291
35 81 -> 0.000649596
36 37 -> 0.0912096
36 38 -> 0.00136808
36 39 -> 0.00128168
36 40 -> 0.00120618
36 41 -> 0.00218259
36 42 -> 0.00228556
36 43 -> 0.00287628
36 44 -> 0.00126923
36 45 -> 0.00624504
36 46 -> 0.00567359
36 47 -> 0.00278558
36 48 -> 0.0025915
36 49 -> 0.00164518
36 50 -> 0.000962887
36 51 -> 0.000722085
36 52 -> 0.000743141
36 53 -> 0.000854763
36 54 -> 0.00197978
36 55 -> 0.00107682
36 56 -> 0.00162212
36 57 -> 0.00112688
36 58 -> 0.0381548
36 59 -> 0.000877619
36 60 -> 0.00163013
36 61 -> 0.001697
36 62 -> 0.00120753
36 63 -> 0.00142671
36 64 -> 0.0012553
36 65 -> 0.00111126
36 66 -> 0.00174011
36 67 -> 0.00172125
36 68 -> 0.00145459
36 69 -> 0.00173236
36 70 -> 0.087958
36 71 -> 0.0353183
36 72 -> 0.00162391
36 73 -> 0.0847902
36 74 -> 0.00221632
36 75 -> 0.00145031
36 76 -> 0.00123686
36 77 -> 1
36 78 -> 0.0912096
36 79 -> 0.00136808
36 80 -> 0.00128168
36 81 -> 0.00120618
37 38 -> 0.0021641
37 39 -> 0.00140364
37 40 -> 0.00213462
37 41 -> 0.00166269
37 42 -> 0.00206645
37 43 -> 0.00200951
37 44 -> 0.00155134
37 45 -> 0.00466079
37 46 -> 0.00533328
37 47 -> 0.00251876
37 48 -> 0.00259394
37 49 -> 0.00181781
37 50 -> 0.00155478
37 51 -> 0.000848093
37 52 -> 0.000904387
37 53 -> 0.000784149
37 54 -> 0.00162004
37 55 -> 0.00157551
37 56 -> 0.00136906
37 57 -> 0.00153885
37 58 -> 0.0357813
37 59 -> 0.000891282
37 60 -> 0.00171549
37 61 -> 0.00195087
37 62 -> 0.00188374
37 63 -> 0.00146267
37 64 -> 0.00165303
37 65 -> 0.00174831
37 66 -> 0.00172438
37 67 -> 0.00154149
37 68 -> 0.00148084
37 69 -> 0.00159499
37 70 -> 0.689258
37 71 -> 0.0324223
37 72 -> 0.00145483
37 73 -> 0.711657
37 74 -> 0.00180585
37 75 -> 0.00132749
37 76 -> 0.00064107
37 77 -> 0.0912096
37 78 -> 1
37 79 -> 0.0021641
37 80 -> 0.00140364
37 81 -> 0.00213462
38 39 -> 0.00413414
38 40 -> 0.50026
38 41 -> 0.00108554
38 42 -> 0.00105732
38 43 -> 0.000996997
38 44 -> 0.00420225
38 45 -> 0.00127837
38 46 -> 0.00279451
38 47 -> 0.0014005
38 48 -> 0.00131424
38 49 -> 0.0036759
38 50 -> 0.00153417
38 51 -> 0.000890204
38 52 -> 0.000965999
38 53 -> 0.00106443
38 54 -> 0.0010163
38 55 -> 0.0715028
38 56 -> 0.00391047
38 57 -> 0.0738517
38 58 -> 0.00236096
38 59 -> 0.000716437
38 60 -> 0.00375796
38 61 -> 0.00114562
38 62 -> 0.0433653
38 63 -> 0.00446831
38 64 -> 0.00320722
38 65 -> 0.0435253
38 66 -> 0.00278202
38 67 -> 0.0014288
38 68 -> 0.00160322
38 69 -> 0.0345754
38 70 -> 0.00200509
38 71 -> 0.00241571
38 72 -> 0.00171952
38 73 -> 0.00228475
38 74 -> 0.00130587
38 75 -> 0.00171167
38 76 -> 0.00121264
38 77 -> 0.00136808
38 78 -> 0.0021641
38 79 -> 1
38 80 -> 0.00413414
38 81 -> 0.50026
39 40 -> 0.003361
39 41 -> 0.00166329
39 42 -> 0.00103928
39 43 -> 0.000943722
39 44 -> 0.024802
39 45 -> 0.0016038
39 46 -> 0.00257156
39 47 -> 0.00134793
39 48 -> 0.00137319
39 49 -> 0.0313961
39 50 -> 0.00152873
39 51 -> 0.000790166
39 52 -> 0.000599437
39 53 -> 0.00114878
39 54 -> 0.00132988
39 55 -> 0.00571279
39 56 -> 0.0361275
39 57 -> 0.00597669
39 58 -> 0.00396143
39 59 -> 0.000734621
39 60 -> 0.0185506
39 61 -> 0.00109256
39 62 -> 0.00463454
39 63 -> 0.0241201
39 64 -> 0.0315994
39 65 -> 0.00479778
39 66 -> 0.00383377
39 67 -> 0.00138439
39 68 -> 0.00159744
39 69 -> 0.00399598
39 70 -> 0.00109849
39 71 -> 0.00188926
39 72 -> 0.00149921
39 73 -> 0.00153906
39 74 -> 0.00148336
39 75 -> 0.00145952
39 76 -> 0.00083291
39 77 -> 0.00128168
39 78 -> 0.00140364
39 79 -> 0.00413414
39 80 -> 1
39 81 -> 0.003361
40 41 -> 0.00106112
40 42 -> 0.00114926
40 43 -> 0.00090669
40 44 -> 0.00411545
40 45 -> 0.00133591
40 46 -> 0.00256448
40 47 -> 0.00134589
40 48 -> 0.00118183
40 49 -> 0.00351334
40 50 -> 0.0014754
40 51 -> 0.000861044
40 52 -> 0.00125037
40 53 -> 0.0008449
40 54 -> 0.00110209
40 55 -> 0.0685341
40 56 -> 0.00376658
40 57 -> 0.0705281
40 58 -> 0.00219643
40 59 -> 0.000719215
40 60 -> 0.0033682
40 61 -> 0.00120133
40 62 -> 0.040357
40 63 -> 0.004091
40 64 -> 0.00304062
40 65 -> 0.0406428
40 66 -> 0.00276895
40 67 -> 0.00168175
40 68 -> 0.00146553
40 69 -> 0.0339044
40 70 -> 0.00201508
40 71 -> 0.00234482
40 72 -> 0.00146641
40 73 -> 0.00231876
40 74 -> 0.00127856
40 75 -> 0.00149853
40 76 -> 0.000649596
40 77 -> 0.00120618
40 78 -> 0.00213462
40 79 -> 0.50026
40 80 -> 0.003361
40 81 -> 1
41 42 -> 0.0336329
41 43 -> 0.0120015
41 44 -> 0.00166978
41 45 -> 0.00550708
41 46 -> 0.00361159
41 47 -> 0.00168101
41 48 -> 0.0108036
41 49 -> 0.00135477
41 50 -> 0.00118779
41 51 -> 0.000696381
41 52 -> 0.000634495
41 53 -> 0.000826329
41 54 -> 0.659455
41 55 -> 0.00134945
41 56 -> 0.00164363
41 57 -> 0.00147773
41 58 -> 0.00112369
41 59 -> 0.000817693
41 60 -> 0.0015135
41 61 -> 0.00161847
41 62 -> 0.00143962
41 63 -> 0.00155227
41 64 -> 0.00121785
41 65 -> 0.00141092
41 66 -> 0.00169338
41 67 -> 0.119512
41 68 -> 0.108529
41 69 -> 0.00140086
41 70 -> 0.00165524
41 71 -> 0.00281719
41 72 -> 0.0154592
41 73 -> 0.00191891
41 74 -> 0.0124423
41 75 -> 0.0021682
41 76 -> 0.000539588
41 77 -> 0.00218259
41 78 -> 0.00166269
41 79 -> 0.00108554
41 80 -> 0.00166329
41 81 -> 0.00106112
42 43 -> 0.0138782
42 44 -> 0.000979161
42 45 -> 0.00569891
42 46 -> 0.00387489
42 47 -> 0.00173912
42 48 -> 0.0116831
42 49 -> 0.00153272
42 50 -> 0.000969091
42 51 -> 0.000632023
42 52 -> 0.000649278
42 53 -> 0.000610965
42 54 -> 0.034299
42 55 -> 0.00107152
42 56 -> 0.00116369
42 57 -> 0.00109405
42 58 -> 0.0012051
42 59 -> 0.000757185
42 60 -> 0.0013397
42 61 -> 0.00128255
42 62 -> 0.00092195
42 63 -> 0.000973436
42 64 -> 0.00145749
42 65 -> 0.000918181
42 66 -> 0.00143673
42 67 -> 0.0354055
42 68 -> 0.029125
42 69 -> 0.00125394
42 70 -> 0.00201889
42 71 -> 0.00302275
42 72 -> 0.0120155
42 73 -> 0.00219716
42 74 -> 0.0136602
42 75 -> 0.00220897
42 76 -> 0.000603221
42 77 -> 0.00228556
42 78 -> 0.00206645
42 79 -> 0.00105732
42 80 -> 0.00103928
42 81 -> 0.00114926
43 44 -> 0.00100247
43 45 -> 0.00380915
43 46 -> 0.0032527
43 47 -> 0.00141195
43 48 -> 0.0403587
43 49 -> 0.00161723
43 50 -> 0.00111384
43 51 -> 0.000708966
43 52 -> 0.000812298
43 53 -> 0.000742508
43 54 -> 0.0132607
43 55 -> 0.000859593
43 56 -> 0.00147666
43 57 -> 0.000888372
43 58 -> 0.00133502
43 59 -> 0.000791945
43 60 -> 0.000754958
43 61 -> 0.00110149
43 62 -> 0.000899841
43 63 -> 0.000696359
43 64 -> 0.00102861
43 65 -> 0.000646176
43 66 -> 0.0013159
43 67 -> 0.0119162
43 68 -> 0.0104057
43 69 -> 0.00111441
43 70 -> 0.00210005
43 71 -> 0.00344247
43 72 -> 0.0648003
43 73 -> 0.002212
43 74 -> 0.0708746
43 75 -> 0.00145821
43 76 -> 0.00112911
43 77 -> 0.00287628
43 78 -> 0.00200951
43 79 -> 0.000996997
43 80 -> 0.000943722
43 81 -> 0.00090669
44 45 -> 0.00120256
44 46 -> 0.00290071
44 47 -> 0.00149284
44 48 -> 0.00142335
44 49 -> 0.0229007
44 50 -> 0.0013983
44 51 -> 0.000823873
44 52 -> 0.000960655
44 53 -> 0.00120614
44 54 -> 0.00167713
44 55 -> 0.00556251
44 56 -> 0.0263166
44 57 -> 0.00570576
44 58 -> 0.00167222
44 59 -> 0.000594285
44 60 -> 0.0175845
44 61 -> 0.00142875
44 62 -> 0.00500258
44 63 -> 0.018609
44 64 -> 0.0185213
44 65 -> 0.00475761
44 66 -> 0.00324538
44 67 -> 0.0010312
44 68 -> 0.00118162
44 69 -> 0.00353317
44 70 -> 0.00161329
44 71 -> 0.00181847
44 72 -> 0.00122726
44 73 -> 0.00173857
44 74 -> 0.00119862
44 75 -> 0.00132067
44 76 -> 0.00115327
44 77 -> 0.00126923
44 78 -> 0.00155134
44 79 -> 0.00420225
44 80 -> 0.024802
44 81 -> 0.00411545
45 46 -> 0.00734846
45 47 -> 0.00291755
45 48 -> 0.00395906
45 49 -> 0.00195464
45 50 -> 0.00108156
45 51 -> 0.000862251
45 52 -> 0.00096436
45 53 -> 0.00071632
45 54 -> 0.00473107
45 55 -> 0.000980964
45 56 -> 0.00219656
45 57 -> 0.000892912
45 58 -> 0.00242868
45 59 -> 0.000447912
45 60 -> 0.00140486
45 61 -> 0.00190376
45 62 -> 0.000539339
45 63 -> 0.00112181
45 64 -> 0.00142438
45 65 -> 0.000651149
45 66 -> 0.00177236
45 67 -> 0.00362177
45 68 -> 0.00361041
45 69 -> 0.00210779
45 70 -> 0.00465201
45 71 -> 0.00717827
45 72 -> 0.00367033
45 73 -> 0.00467703
45 74 -> 0.00424538
45 75 -> 0.00170924
45 76 -> 0.000701382
45 77 -> 0.00624504
45 78 -> 0.00466079
45 79 -> 0.00127837
45 80 -> 0.0016038
45 81 -> 0.00133591
46 47 -> 0.00394976
46 48 -> 0.00338519
46 49 -> 0.00305622
46 50 -> 0.00230038
46 51 -> 0.00168501
46 52 -> 0.00142995
46 53 -> 0.0012088
46 54 -> 0.00350608
46 55 -> 0.00230948
46 56 -> 0.00267778
46 57 -> 0.00214964
46 58 -> 0.00298904
46 59 -> 0.00125558
46 60 -> 0.00256301
46 61 -> 0.00321749
46 62 -> 0.00217349
46 63 -> 0.00263551
46 64 -> 0.00253282
46 65 -> 0.00238931
46 66 -> 0.00333812
46 67 -> 0.00312873
46 68 -> 0.00306289
46 69 -> 0.00241526
46 70 -> 0.00605972
46 71 -> 0.00751762
46 72 -> 0.00312721
46 73 -> 0.00651251
46 74 -> 0.00361282
46 75 -> 0.00269821
46 76 -> 0.00136957
46 77 -> 0.00567359
46 78 -> 0.00533328
46 79 -> 0.00279451
46 80 -> 0.00257156
46 81 -> 0.00256448
47 48 -> 0.00163558
47 49 -> 0.00158689
47 50 -> 0.00128583
47 51 -> 0.000970718
47 52 -> 0.000628384
47 53 -> 0.000939858
47 54 -> 0.0015933
47 55 -> 0.00134907
47 56 -> 0.00129054
47 57 -> 0.00129125
47 58 -> 0.00188989
47 59 -> 0.000418112
47 60 -> 0.00128859
47 61 -> 0.00142973
47 62 -> 0.00190202
47 63 -> 0.00119872
47 64 -> 0.00128588
47 65 -> 0.00161844
47 66 -> 0.00173501
47 67 -> 0.00152337
47 68 -> 0.00159925
47 69 -> 0.00166908
47 70 -> 0.0024444
47 71 -> 0.00308758
47 72 -> 0.00138517
47 73 -> 0.00269124
47 74 -> 0.00164231
47 75 -> 0.00113193
47 76 -> 0.000742578
47 77 -> 0.00278558
47 78 -> 0.00251876
47 79 -> 0.0014005
47 80 -> 0.00134793
47 81 -> 0.00134589
48 49 -> 0.00144507
48 50 -> 0.00121663
48 51 -> 0.000758303
48 52 -> 0.000924376
48 53 -> 0.000797315
48 54 -> 0.0117858
48 55 -> 0.00166324
48 56 -> 0.00121164
48 57 -> 0.00159826
48 58 -> 0.00161692
48 59 -> 0.000633927
48 60 -> 0.00114245
48 61 -> 0.00157731
48 62 -> 0.00121615
48 63 -> 0.00118858
48 64 -> 0.00128566
48 65 -> 0.00147175
48 66 -> 0.00169649
48 67 -> 0.0110531
48 68 -> 0.010837
48 69 -> 0.00138966
48 70 -> 0.00250395
48 71 -> 0.00331901
48 72 -> 0.0530168
48 73 -> 0.00262893
48 74 -> 0.051797
48 75 -> 0.00230992
48 76 -> 0.00080932
48 77 -> 0.0025915
48 78 -> 0.00259394
48 79 -> 0.00131424
48 80 -> 0.00137319
48 81 -> 0.00118183
49 50 -> 0.00124635
49 51 -> 0.00108637
49 52 -> 0.000685543
49 53 -> 0.000754711
49 54 -> 0.00138946
49 55 -> 0.00388867
49 56 -> 0.0406637
49 57 -> 0.00411086
49 58 -> 0.00187922
49 59 -> 0.000774348
49 60 -> 0.0182777
49 61 -> 0.00102489
49 62 -> 0.00389203
49 63 -> 0.0185174
49 64 -> 0.0346283
49 65 -> 0.00391126
49 66 -> 0.00274871
49 67 -> 0.00114602
49 68 -> 0.00130831
49 69 -> 0.00529148
49 70 -> 0.00168741
49 71 -> 0.00237207
49 72 -> 0.00128782
49 73 -> 0.0019694
49 74 -> 0.00167706
49 75 -> 0.000717568
49 76 -> 0.000865244
49 77 -> 0.00164518
49 78 -> 0.00181781
49 79 -> 0.0036759
49 80 -> 0.0313961
49 81 -> 0.00351334
50 51 -> 0.000478622
50 52 -> 0.000831901
50 53 -> 0.000943864
50 54 -> 0.00111471
50 55 -> 0.00186857
50 56 -> 0.00092797
50 57 -> 0.00191349
50 58 -> 0.00201411
50 59 -> 0.000624521
50 60 -> 0.00104032
50 61 -> 0.00109885
50 62 -> 0.0018909
50 63 -> 0.00161426
50 64 -> 0.0016662
50 65 -> 0.00178792
50 66 -> 0.00157108
50 67 -> 0.00132373
50 68 -> 0.00105125
50 69 -> 0.00136363
50 70 -> 0.00140593
50 71 -> 0.00191931
50 72 -> 0.00105958
50 73 -> 0.00149699
50 74 -> 0.00100948
50 75 -> 0.000855678
50 76 -> 0.000763001
50 77 -> 0.000962887
50 78 -> 0.00155478
50 79 -> 0.00153417
50 80 -> 0.00152873
50 81 -> 0.0014754
51 52 -> 0.0166913
51 53 -> 0.0124529
51 54 -> 0.00037634
51 55 -> 0.000606605
51 56 -> 0.000844663
51 57 -> 0.000606347
51 58 -> 0.000755734
51 59 -> 0.0147739
51 60 -> 0.000775745
51 61 -> 0.000299258
51 62 -> 0.000746137
51 63 -> 0.000761628
51 64 -> 0.000747441
51 65 -> 0.00067896
51 66 -> 0.000709999
51 67 -> 0.000762358
51 68 -> 0.000673564
51 69 -> 0.000324435
51 70 -> 0.00104682
51 71 -> 0.000974032
51 72 -> 0.0004629
51 73 -> 0.00108709
51 74 -> 0.000614428
51 75 -> 0.00105454
51 76 -> 0.0722596
51 77 -> 0.000722085
51 78 -> 0.000848093
51 79 -> 0.000890204
51 80 -> 0.000790166
51 81 -> 0.000861044
52 53 -> 0.0891844
52 54 -> 0.000731647
52 55 -> 0.00127778
52 56 -> 0.000665708
52 57 -> 0.00113852
52 58 -> 0.00150702
52 59 -> 0.106277
52 60 -> 0.000538909
52 61 -> 0.00055695
52 62 -> 0.00110689
52 63 -> 0.000830102
52 64 -> 0.00133527
52 65 -> 0.00114986
52 66 -> 0.000939068
52 67 -> 0.000720047
52 68 -> 0.000679213
52 69 -> 0.000807653
52 70 -> 0.000794007
52 71 -> 0.00138048
52 72 -> 0.000596782
52 73 -> 0.00105523
52 74 -> 0.000811921
52 75 -> 0.000376537
52 76 -> 0.0183908
52 77 -> 0.000743141
52 78 -> 0.000904387
52 79 -> 0.000965999
52 80 -> 0.000599437
52 81 -> 0.00125037
53 54 -> 0.000764508
53 55 -> 0.00157661
53 56 -> 0.0007351
53 57 -> 0.00166939
53 58 -> 0.00106533
53 59 -> 0.083898
53 60 -> 0.000946781
53 61 -> 0.000494805
53 62 -> 0.00109554
53 63 -> 0.00121642
53 64 -> 0.000757747
53 65 -> 0.00130244
53 66 -> 0.000957671
53 67 -> 0.000666631
53 68 -> 0.00100258
53 69 -> 0.000700987
53 70 -> 0.000702389
53 71 -> 0.000904458
53 72 -> 0.000662453
53 73 -> 0.000852111
53 74 -> 0.000733909
53 75 -> 0.000845354
53 76 -> 0.0126824
53 77 -> 0.000854763
53 78 -> 0.000784149
53 79 -> 0.00106443
53 80 -> 0.00114878
53 81 -> 0.0008449
54 55 -> 0.00149365
54 56 -> 0.00158111
54 57 -> 0.00146701
54 58 -> 0.00114722
54 59 -> 0.000813412
54 60 -> 0.00158988
54 61 -> 0.00156085
54 62 -> 0.001408
54 63 -> 0.00146706
54 64 -> 0.00127993
54 65 -> 0.0013245
54 66 -> 0.00155443
54 67 -> 0.120856
54 68 -> 0.109053
54 69 -> 0.00125258
54 70 -> 0.00153587
54 71 -> 0.00283227
54 72 -> 0.0161477
54 73 -> 0.00175576
54 74 -> 0.0131603
54 75 -> 0.0025031
54 76 -> 0.000682543
54 77 -> 0.00197978
54 78 -> 0.00162004
54 79 -> 0.0010163
54 80 -> 0.00132988
54 81 -> 0.00110209
55 56 -> 0.00347815
55 57 -> 0.69235
55 58 -> 0.0034245
55 59 -> 0.00108683
55 60 -> 0.00455851
55 61 -> 0.0010789
55 62 -> 0.0518646
55 63 -> 0.0069293
55 64 -> 0.00445055
55 65 -> 0.0562825
55 66 -> 0.00410209
55 67 -> 0.0014467
55 68 -> 0.00197531
55 69 -> 0.0364997
55 70 -> 0.00164684
55 71 -> 0.00175651
55 72 -> 0.00118192
55 73 -> 0.00185797
55 74 -> 0.000952478
55 75 -> 0.00233457
55 76 -> 0.00131847
55 77 -> 0.00107682
55 78 -> 0.00157551
55 79 -> 0.0715028
55 80 -> 0.00571279
55 81 -> 0.0685341
56 57 -> 0.00367164
56 58 -> 0.00111152
56 59 -> 0.00120019
56 60 -> 0.017777
56 61 -> 0.00130866
56 62 -> 0.00388986
56 63 -> 0.0197341
56 64 -> 0.0358433
56 65 -> 0.00405197
56 66 -> 0.00309267
56 67 -> 0.00117184
56 68 -> 0.00125858
56 69 -> 0.00367508
56 70 -> 0.00149787
56 71 -> 0.00221112
56 72 -> 0.000741984
56 73 -> 0.00160177
56 74 -> 0.00148125
56 75 -> 0.000993357
56 76 -> 0.000552042
56 77 -> 0.00162212
56 78 -> 0.00136906
56 79 -> 0.00391047
56 80 -> 0.0361275
56 81 -> 0.00376658
57 58 -> 0.00336234
57 59 -> 0.000978765
57 60 -> 0.00455084
57 61 -> 0.00125568
57 62 -> 0.0533493
57 63 -> 0.00721999
57 64 -> 0.00419083
57 65 -> 0.0583981
57 66 -> 0.00370223
57 67 -> 0.00170697
57 68 -> 0.0023833
57 69 -> 0.037216
57 70 -> 0.00152901
57 71 -> 0.00189533
57 72 -> 0.00125345
57 73 -> 0.00174561
57 74 -> 0.00116156
57 75 -> 0.00216705
57 76 -> 0.0010682
57 77 -> 0.00112688
57 78 -> 0.00153885
57 79 -> 0.0738517
57 80 -> 0.00597669
57 81 -> 0.0705281
58 59 -> 0.000895285
58 60 -> 0.00169097
58 61 -> 0.00174925
58 62 -> 0.00315936
58 63 -> 0.00400035
58 64 -> 0.00164256
58 65 -> 0.00336795
58 66 -> 0.00234946
58 67 -> 0.00147335
58 68 -> 0.00159285
58 69 -> 0.00174399
58 70 -> 0.0345787
58 71 -> 0.0206147
58 72 -> 0.00164803
58 73 -> 0.0333101
58 74 -> 0.00128644
58 75 -> 0.00190179
58 76 -> 0.000655446
58 77 -> 0.0381548
58 78 -> 0.0357813
58 79 -> 0.00236096
58 80 -> 0.00396143
58 81 -> 0.00219643
59 60 -> 0.000925509
59 61 -> 0.000669493
59 62 -> 0.000905856
59 63 -> 0.00113295
59 64 -> 0.00117859
59 65 -> 0.000646905
59 66 -> 0.00101956
59 67 -> 0.000710157
59 68 -> 0.000833587
59 69 -> 0.000568348
59 70 -> 0.00101883
59 71 -> 0.000892605
59 72 -> 0.00066613
59 73 -> 0.000884629
59 74 -> 0.000616347
59 75 -> 0.000570974
59 76 -> 0.0182415
59 77 -> 0.000877619
59 78 -> 0.000891282
59 79 -> 0.000716437
59 80 -> 0.000734621
59 81 -> 0.000719215
60 61 -> 0.00123284
60 62 -> 0.00419651
60 63 -> 0.0855771
60 64 -> 0.0163173
60 65 -> 0.00444017
60 66 -> 0.00290876
60 67 -> 0.0014004
60 68 -> 0.00115463
60 69 -> 0.00366458
60 70 -> 0.00154821
60 71 -> 0.00186445
60 72 -> 0.000911637
60 73 -> 0.00168222
60 74 -> 0.000927605
60 75 -> 0.00155344
60 76 -> 0.000915373
60 77 -> 0.00163013
60 78 -> 0.00171549
60 79 -> 0.00375796
60 80 -> 0.0185506
60 81 -> 0.0033682
61 62 -> 0.00110349
61 63 -> 0.00119429
61 64 -> 0.00141183
61 65 -> 0.001277
61 66 -> 0.00165983
61 67 -> 0.00107399
61 68 -> 0.00104668
61 69 -> 0.0010467
61 70 -> 0.0020312
61 71 -> 0.00231393
61 72 -> 0.00151742
61 73 -> 0.00190431
61 74 -> 0.0013045
61 75 -> 0.00117432
61 76 -> 0.000376163
61 77 -> 0.001697
61 78 -> 0.00195087
61 79 -> 0.00114562
61 80 -> 0.00109256
61 81 -> 0.00120133
62 63 -> 0.00591121
62 64 -> 0.00421203
62 65 -> 0.590067
62 66 -> 0.00336206
62 67 -> 0.00172239
62 68 -> 0.00184917
62 69 -> 0.0265721
62 70 -> 0.00150363
62 71 -> 0.00148452
62 72 -> 0.00200447
62 73 -> 0.00172315
62 74 -> 0.00131578
62 75 -> 0.00186307
62 76 -> 0.000905258
62 77 -> 0.00120753
62 78 -> 0.00188374
62 79 -> 0.0433653
62 80 -> 0.00463454
62 81 -> 0.040357
63 64 -> 0.016025
63 65 -> 0.00614215
63 66 -> 0.00358891
63 67 -> 0.00166548
63 68 -> 0.00121018
63 69 -> 0.00409424
63 70 -> 0.00134143
63 71 -> 0.0017444
63 72 -> 0.00122097
63 73 -> 0.00156871
63 74 -> 0.00119727
63 75 -> 0.0014114
63 76 -> 0.00112948
63 77 -> 0.00142671
63 78 -> 0.00146267
63 79 -> 0.00446831
63 80 -> 0.0241201
63 81 -> 0.004091
64 65 -> 0.00445291
64 66 -> 0.00278015
64 67 -> 0.00119831
64 68 -> 0.0014524
64 69 -> 0.00464396
64 70 -> 0.00169469
64 71 -> 0.00180658
64 72 -> 0.00125297
64 73 -> 0.00182449
64 74 -> 0.00122302
64 75 -> 0.000972608
64 76 -> 0.00100312
64 77 -> 0.0012553
64 78 -> 0.00165303
64 79 -> 0.00320722
64 80 -> 0.0315994
64 81 -> 0.00304062
65 66 -> 0.00323995
65 67 -> 0.0016094
65 68 -> 0.00207477
65 69 -> 0.0270695
65 70 -> 0.00147847
65 71 -> 0.00153464
65 72 -> 0.00163995
65 73 -> 0.00169512
65 74 -> 0.00116629
65 75 -> 0.00185336
65 76 -> 0.000986398
65 77 -> 0.00111126
65 78 -> 0.00174831
65 79 -> 0.0435253
65 80 -> 0.00479778
65 81 -> 0.0406428
66 67 -> 0.00164345
66 68 -> 0.00164351
66 69 -> 0.00228322
66 70 -> 0.00183825
66 71 -> 0.00240133
66 72 -> 0.0017607
66 73 -> 0.00211684
66 74 -> 0.00150525
66 75 -> 0.00201101
66 76 -> 0.000785268
66 77 -> 0.00174011
66 78 -> 0.00172438
66 79 -> 0.00278202
66 80 -> 0.00383377
66 81 -> 0.00276895
67 68 -> 0.247425
67 69 -> 0.00126919
67 70 -> 0.00174208
67 71 -> 0.0027122
67 72 -> 0.0154733
67 73 -> 0.00177061
67 74 -> 0.0123808
67 75 -> 0.00221061
67 76 -> 0.000905821
67 77 -> 0.00172125
67 78 -> 0.00154149
67 79 -> 0.0014288
67 80 -> 0.00138439
67 81 -> 0.00168175
68 69 -> 0.00115793
68 70 -> 0.00141306
68 71 -> 0.00234273
68 72 -> 0.0147017
68 73 -> 0.00145226
68 74 -> 0.0103137
68 75 -> 0.00231194
68 76 -> 0.000797784
68 77 -> 0.00145459
68 78 -> 0.00148084
68 79 -> 0.00160322
68 80 -> 0.00159744
68 81 -> 0.00146553
69 70 -> 0.0019505
69 71 -> 0.00208712
69 72 -> 0.00126215
69 73 -> 0.00192752
69 74 -> 0.00128216
69 75 -> 0.000994065
69 76 -> 0.000473687
69 77 -> 0.00173236
69 78 -> 0.00159499
69 79 -> 0.0345754
69 80 -> 0.00399598
69 81 -> 0.0339044
70 71 -> 0.031431
70 72 -> 0.00145564
70 73 -> 0.718721
70 74 -> 0.0017706
70 75 -> 0.00135971
70 76 -> 0.000582235
70 77 -> 0.087958
70 78 -> 0.689258
70 79 -> 0.00200509
70 80 -> 0.00109849
70 81 -> 0.00201508
71 72 -> 0.00275474
71 73 -> 0.0308697
71 74 -> 0.00324658
71 75 -> 0.00212149
71 76 -> 0.00129099
71 77 -> 0.0353183
71 78 -> 0.0324223
71 79 -> 0.00241571
71 80 -> 0.00188926
71 81 -> 0.00234482
72 73 -> 0.00148487
72 74 -> 0.185178
72 75 -> 0.00219209
72 76 -> 0.00073055
72 77 -> 0.00162391
72 78 -> 0.00145483
72 79 -> 0.00171952
72 80 -> 0.00149921
72 81 -> 0.00146641
73 74 -> 0.00197533
73 75 -> 0.00144299
73 76 -> 0.00056613
73 77 -> 0.0847902
73 78 -> 0.711657
73 79 -> 0.00228475
73 80 -> 0.00153906
73 81 -> 0.00231876
74 75 -> 0.00167068
74 76 -> 0.00130737
74 77 -> 0.00221632
74 78 -> 0.00180585
74 79 -> 0.00130587
74 80 -> 0.00148336
74 81 -> 0.00127856
75 76 -> 0.000762044
75 77 -> 0.00145031
75 78 -> 0.00132749
75 79 -> 0.00171167
75 80 -> 0.00145952
75 81 -> 0.00149853
76 77 -> 0.00123686
76 78 -> 0.00064107
76 79 -> 0.00121264
76 80 -> 0.00083291
76 81 -> 0.000649596
77 78 -> 0.0912096
77 79 -> 0.00136808
77 80 -> 0.00128168
77 81 -> 0.00120618
78 79 -> 0.0021641
78 80 -> 0.00140364
78 81 -> 0.00213462
79 80 -> 0.00413414
79 81 -> 0.50026
80 81 -> 0.003361
