0 1 -> 0.0336329
0 2 -> 0.0120015
0 3 -> 0.00166978
0 4 -> 0.00550708
0 5 -> 0.00361159
0 6 -> 0.00168101
0 7 -> 0.0108036
0 8 -> 0.00135477
0 9 -> 0.00118779
0 10 -> 0.000696381
0 11 -> 0.000634495
0 12 -> 0.000826329
0 13 -> 0.659455
0 14 -> 0.00134945
0 15 -> 0.00164363
0 16 -> 0.00147773
0 17 -> 0.00112369
0 18 -> 0.000817693
0 19 -> 0.0015135
1 2 -> 0.0138782
1 3 -> 0.000979161
1 4 -> 0.00569891
1 5 -> 0.00387489
1 6 -> 0.00173912
1 7 -> 0.0116831
1 8 -> 0.00153272
1 9 -> 0.000969091
1 10 -> 0.000632023
1 11 -> 0.000649278
1 12 -> 0.000610965
1 13 -> 0.034299
1 14 -> 0.00107152
1 15 -> 0.00116369
1 16 -> 0.00109405
1 17 -> 0.0012051
1 18 -> 0.000757185
1 19 -> 0.0013397
2 3 -> 0.00100247
2 4 -> 0.00380915
2 5 -> 0.0032527
2 6 -> 0.00141195
2 7 -> 0.0403587
2 8 -> 0.00161723
2 9 -> 0.00111384
2 10 -> 0.000708966
2 11 -> 0.000812298
2 12 -> 0.000742508
2 13 -> 0.0132607
2 14 -> 0.000859593
2 15 -> 0.00147666
2 16 -> 0.000888372
2 17 -> 0.00133502
2 18 -> 0.000791945
2 19 -> 0.000754958
3 4 -> 0.00120256
3 5 -> 0.00290071
3 6 -> 0.00149284
3 7 -> 0.00142335
3 8 -> 0.0229007
3 9 -> 0.0013983
3 10 -> 0.000823873
3 11 -> 0.000960655
3 12 -> 0.00120614
3 13 -> 0.00167713
3 14 -> 0.00556251
3 15 -> 0.0263166
3 16 -> 0.00570576
3 17 -> 0.00167222
3 18 -> 0.000594285
3 19 -> 0.0175845
4 5 -> 0.00734846
4 6 -> 0.00291755
4 7 -> 0.00395906
4 8 -> 0.00195464
4 9 -> 0.00108156
4 10 -> 0.000862251
4 11 -> 0.00096436
4 12 -> 0.00071632
4 13 -> 0.00473107
4 14 -> 0.000980964
4 15 -> 0.00219656
4 16 -> 0.000892912
4 17 -> 0.00242868
4 18 -> 0.000447912
4 19 -> 0.00140486
5 6 -> 0.00394976
5 7 -> 0.00338519
5 8 -> 0.00305622
5 9 -> 0.00230038
5 10 -> 0.00168501
5 11 -> 0.00142995
5 12 -> 0.0012088
5 13 -> 0.00350608
5 14 -> 0.00230948
5 15 -> 0.00267778
5 16 -> 0.00214964
5 17 -> 0.00298904
5 18 -> 0.00125558
5 19 -> 0.00256301
6 7 -> 0.00163558
6 8 -> 0.00158689
6 9 -> 0.00128583
6 10 -> 0.000970718
6 11 -> 0.000628384
6 12 -> 0.000939858
6 13 -> 0.0015933
6 14 -> 0.00134907
6 15 -> 0.00129054
6 16 -> 0.00129125
6 17 -> 0.00188989
6 18 -> 0.000418112
6 19 -> 0.00128859
7 8 -> 0.00144507
7 9 -> 0.00121663
7 10 -> 0.000758303
7 11 -> 0.000924376
7 12 -> 0.000797315
7 13 -> 0.0117858
7 14 -> 0.00166324
7 15 -> 0.00121164
7 16 -> 0.00159826
7 17 -> 0.00161692
7 18 -> 0.000633927
7 19 -> 0.00114245
8 9 -> 0.00124635
8 10 -> 0.00108637
8 11 -> 0.000685543
8 12 -> 0.000754711
8 13 -> 0.00138946
8 14 -> 0.00388867
8 15 -> 0.0406637
8 16 -> 0.00411086
8 17 -> 0.00187922
8 18 -> 0.000774348
8 19 -> 0.0182777
9 10 -> 0.000478622
9 11 -> 0.000831901
9 12 -> 0.000943864
9 13 -> 0.00111471
9 14 -> 0.00186857
9 15 -> 0.00092797
9 16 -> 0.00191349
9 17 -> 0.00201411
9 18 -> 0.000624521
9 19 -> 0.00104032
10 11 -> 0.0166913
10 12 -> 0.0124529
10 13 -> 0.00037634
10 14 -> 0.000606605
10 15 -> 0.000844663
10 16 -> 0.000606347
10 17 -> 0.000755734
10 18 -> 0.0147739
10 19 -> 0.000775745
11 12 -> 0.0891844
11 13 -> 0.000731647
11 14 -> 0.00127778
11 15 -> 0.000665708
11 16 -> 0.00113852
11 17 -> 0.00150702
11 18 -> 0.106277
11 19 -> 0.000538909
12 13 -> 0.000764508
12 14 -> 0.00157661
12 15 -> 0.0007351
12 16 -> 0.00166939
12 17 -> 0.00106533
12 18 -> 0.083898
12 19 -> 0.000946781
13 14 -> 0.00149365
13 15 -> 0.00158111
13 16 -> 0.00146701
13 17 -> 0.00114722
13 18 -> 0.000813412
13 19 -> 0.00158988
14 15 -> 0.00347815
14 16 -> 0.69235
14 17 -> 0.0034245
14 18 -> 0.00108683
14 19 -> 0.00455851
15 16 -> 0.00367164
15 17 -> 0.00111152
15 18 -> 0.00120019
15 19 -> 0.017777
16 17 -> 0.00336234
16 18 -> 0.000978765
16 19 -> 0.00455084
17 18 -> 0.000895285
17 19 -> 0.00169097
18 19 -> 0.000925509
