0 1 -> 0.0336329
0 2 -> 0.0120015
0 3 -> 0.00166978
0 4 -> 0.00550708
0 5 -> 0.00361159
0 6 -> 0.00168101
0 7 -> 0.0108036
0 8 -> 0.00135477
0 9 -> 0.00118779
0 10 -> 0.000696381
0 11 -> 0.000634495
0 12 -> 0.000826329
0 13 -> 0.659455
0 14 -> 0.00134945
0 15 -> 0.00164363
0 16 -> 0.00147773
0 17 -> 0.00112369
0 18 -> 0.000817693
0 19 -> 0.0015135
0 20 -> 0.00161847
0 21 -> 0.00143962
0 22 -> 0.00155227
0 23 -> 0.00121785
0 24 -> 0.00141092
0 25 -> 0.00169338
0 26 -> 0.119512
0 27 -> 0.108529
0 28 -> 0.00140086
0 29 -> 0.00165524
0 30 -> 0.00281719
0 31 -> 0.0154592
0 32 -> 0.00191891
0 33 -> 0.0124423
0 34 -> 0.0021682
0 35 -> 0.000539588
0 36 -> 0.00218259
0 37 -> 0.00166269
0 38 -> 0.00108554
0 39 -> 0.00166329
0 40 -> 0.00106112
1 2 -> 0.0138782
1 3 -> 0.000979161
1 4 -> 0.00569891
1 5 -> 0.00387489
1 6 -> 0.00173912
1 7 -> 0.0116831
1 8 -> 0.00153272
1 9 -> 0.000969091
1 10 -> 0.000632023
1 11 -> 0.000649278
1 12 -> 0.000610965
1 13 -> 0.034299
1 14 -> 0.00107152
1 15 -> 0.00116369
1 16 -> 0.00109405
1 17 -> 0.0012051
1 18 -> 0.000757185
1 19 -> 0.0013397
1 20 -> 0.00128255
1 21 -> 0.00092195
1 22 -> 0.000973436
1 23 -> 0.00145749
1 24 -> 0.000918181
1 25 -> 0.00143673
1 26 -> 0.0354055
1 27 -> 0.029125
1 28 -> 0.00125394
1 29 -> 0.00201889
1 30 -> 0.00302275
1 31 -> 0.0120155
1 32 -> 0.00219716
1 33 -> 0.0136602
1 34 -> 0.00220897
1 35 -> 0.000603221
1 36 -> 0.00228556
1 37 -> 0.00206645
1 38 -> 0.00105732
1 39 -> 0.00103928
1 40 -> 0.00114926
2 3 -> 0.00100247
2 4 -> 0.00380915
2 5 -> 0.0032527
2 6 -> 0.00141195
2 7 -> 0.0403587
2 8 -> 0.00161723
2 9 -> 0.00111384
2 10 -> 0.000708966
2 11 -> 0.000812298
2 12 -> 0.000742508
2 13 -> 0.0132607
2 14 -> 0.000859593
2 15 -> 0.00147666
2 16 -> 0.000888372
2 17 -> 0.00133502
2 18 -> 0.000791945
2 19 -> 0.000754958
2 20 -> 0.00110149
2 21 -> 0.000899841
2 22 -> 0.000696359
2 23 -> 0.00102861
2 24 -> 0.000646176
2 25 -> 0.0013159
2 26 -> 0.0119162
2 27 -> 0.0104057
2 28 -> 0.00111441
2 29 -> 0.00210005
2 30 -> 0.00344247
2 31 -> 0.0648003
2 32 -> 0.002212
2 33 -> 0.0708746
2 34 -> 0.00145821
2 35 -> 0.00112911
2 36 -> 0.00287628
2 37 -> 0.00200951
2 38 -> 0.000996997
2 39 -> 0.000943722
2 40 -> 0.00090669
3 4 -> 0.00120256
3 5 -> 0.00290071
3 6 -> 0.00149284
3 7 -> 0.00142335
3 8 -> 0.0229007
3 9 -> 0.0013983
3 10 -> 0.000823873
3 11 -> 0.000960655
3 12 -> 0.00120614
3 13 -> 0.00167713
3 14 -> 0.00556251
3 15 -> 0.0263166
3 16 -> 0.00570576
3 17 -> 0.00167222
3 18 -> 0.000594285
3 19 -> 0.0175845
3 20 -> 0.00142875
3 21 -> 0.00500258
3 22 -> 0.018609
3 23 -> 0.0185213
3 24 -> 0.00475761
3 25 -> 0.00324538
3 26 -> 0.0010312
3 27 -> 0.00118162
3 28 -> 0.00353317
3 29 -> 0.00161329
3 30 -> 0.00181847
3 31 -> 0.00122726
3 32 -> 0.00173857
3 33 -> 0.00119862
3 34 -> 0.00132067
3 35 -> 0.00115327
3 36 -> 0.00126923
3 37 -> 0.00155134
3 38 -> 0.00420225
3 39 -> 0.024802
3 40 -> 0.00411545
4 5 -> 0.00734846
4 6 -> 0.00291755
4 7 -> 0.00395906
4 8 -> 0.00195464
4 9 -> 0.00108156
4 10 -> 0.000862251
4 11 -> 0.00096436
4 12 -> 0.00071632
4 13 -> 0.00473107
4 14 -> 0.000980964
4 15 -> 0.00219656
4 16 -> 0.000892912
4 17 -> 0.00242868
4 18 -> 0.000447912
4 19 -> 0.00140486
4 20 -> 0.00190376
4 21 -> 0.000539339
4 22 -> 0.00112181
4 23 -> 0.00142438
4 24 -> 0.000651149
4 25 -> 0.00177236
4 26 -> 0.00362177
4 27 -> 0.00361041
4 28 -> 0.00210779
4 29 -> 0.00465201
4 30 -> 0.00717827
4 31 -> 0.00367033
4 32 -> 0.00467703
4 33 -> 0.00424538
4 34 -> 0.00170924
4 35 -> 0.000701382
4 36 -> 0.00624504
4 37 -> 0.00466079
4 38 -> 0.00127837
4 39 -> 0.0016038
4 40 -> 0.00133591
5 6 -> 0.00394976
5 7 -> 0.00338519
5 8 -> 0.00305622
5 9 -> 0.00230038
5 10 -> 0.00168501
5 11 -> 0.00142995
5 12 -> 0.0012088
5 13 -> 0.00350608
5 14 -> 0.00230948
5 15 -> 0.00267778
5 16 -> 0.00214964
5 17 -> 0.00298904
5 18 -> 0.00125558
5 19 -> 0.00256301
5 20 -> 0.00321749
5 21 -> 0.00217349
5 22 -> 0.00263551
5 23 -> 0.00253282
5 24 -> 0.00238931
5 25 -> 0.00333812
5 26 -> 0.00312873
5 27 -> 0.00306289
5 28 -> 0.00241526
5 29 -> 0.00605972
5 30 -> 0.00751762
5 31 -> 0.00312721
5 32 -> 0.00651251
5 33 -> 0.00361282
5 34 -> 0.00269821
5 35 -> 0.00136957
5 36 -> 0.00567359
5 37 -> 0.00533328
5 38 -> 0.00279451
5 39 -> 0.00257156
5 40 -> 0.00256448
6 7 -> 0.00163558
6 8 -> 0.00158689
6 9 -> 0.00128583
6 10 -> 0.000970718
6 11 -> 0.000628384
6 12 -> 0.000939858
6 13 -> 0.0015933
6 14 -> 0.00134907
6 15 -> 0.00129054
6 16 -> 0.00129125
6 17 -> 0.00188989
6 18 -> 0.000418112
6 19 -> 0.00128859
6 20 -> 0.00142973
6 21 -> 0.00190202
6 22 -> 0.00119872
6 23 -> 0.00128588
6 24 -> 0.00161844
6 25 -> 0.00173501
6 26 -> 0.00152337
6 27 -> 0.00159925
6 28 -> 0.00166908
6 29 -> 0.0024444
6 30 -> 0.00308758
6 31 -> 0.00138517
6 32 -> 0.00269124
6 33 -> 0.00164231
6 34 -> 0.00113193
6 35 -> 0.000742578
6 36 -> 0.00278558
6 37 -> 0.00251876
6 38 -> 0.0014005
6 39 -> 0.00134793
6 40 -> 0.00134589
7 8 -> 0.00144507
7 9 -> 0.00121663
7 10 -> 0.000758303
7 11 -> 0.000924376
7 12 -> 0.000797315
7 13 -> 0.0117858
7 14 -> 0.00166324
7 15 -> 0.00121164
7 16 -> 0.00159826
7 17 -> 0.00161692
7 18 -> 0.000633927
7 19 -> 0.00114245
7 20 -> 0.00157731
7 21 -> 0.00121615
7 22 -> 0.00118858
7 23 -> 0.00128566
7 24 -> 0.00147175
7 25 -> 0.00169649
7 26 -> 0.0110531
7 27 -> 0.010837
7 28 -> 0.00138966
7 29 -> 0.00250395
7 30 -> 0.00331901
7 31 -> 0.0530168
7 32 -> 0.00262893
7 33 -> 0.051797
7 34 -> 0.00230992
7 35 -> 0.00080932
7 36 -> 0.0025915
7 37 -> 0.00259394
7 38 -> 0.00131424
7 39 -> 0.00137319
7 40 -> 0.00118183
8 9 -> 0.00124635
8 10 -> 0.00108637
8 11 -> 0.000685543
8 12 -> 0.000754711
8 13 -> 0.00138946
8 14 -> 0.00388867
8 15 -> 0.0406637
8 16 -> 0.00411086
8 17 -> 0.00187922
8 18 -> 0.000774348
8 19 -> 0.0182777
8 20 -> 0.00102489
8 21 -> 0.00389203
8 22 -> 0.0185174
8 23 -> 0.0346283
8 24 -> 0.00391126
8 25 -> 0.00274871
8 26 -> 0.00114602
8 27 -> 0.00130831
8 28 -> 0.00529148
8 29 -> 0.00168741
8 30 -> 0.00237207
8 31 -> 0.00128782
8 32 -> 0.0019694
8 33 -> 0.00167706
8 34 -> 0.000717568
8 35 -> 0.000865244
8 36 -> 0.00164518
8 37 -> 0.00181781
8 38 -> 0.0036759
8 39 -> 0.0313961
8 40 -> 0.00351334
9 10 -> 0.000478622
9 11 -> 0.000831901
9 12 -> 0.000943864
9 13 -> 0.00111471
9 14 -> 0.00186857
9 15 -> 0.00092797
9 16 -> 0.00191349
9 17 -> 0.00201411
9 18 -> 0.000624521
9 19 -> 0.00104032
9 20 -> 0.00109885
9 21 -> 0.0018909
9 22 -> 0.00161426
9 23 -> 0.0016662
9 24 -> 0.00178792
9 25 -> 0.00157108
9 26 -> 0.00132373
9 27 -> 0.00105125
9 28 -> 0.00136363
9 29 -> 0.00140593
9 30 -> 0.00191931
9 31 -> 0.00105958
9 32 -> 0.00149699
9 33 -> 0.00100948
9 34 -> 0.000855678
9 35 -> 0.000763001
9 36 -> 0.000962887
9 37 -> 0.00155478
9 38 -> 0.00153417
9 39 -> 0.00152873
9 40 -> 0.0014754
10 11 -> 0.0166913
10 12 -> 0.0124529
10 13 -> 0.00037634
10 14 -> 0.000606605
10 15 -> 0.000844663
10 16 -> 0.000606347
10 17 -> 0.000755734
10 18 -> 0.0147739
10 19 -> 0.000775745
10 20 -> 0.000299258
10 21 -> 0.000746137
10 22 -> 0.000761628
10 23 -> 0.000747441
10 24 -> 0.00067896
10 25 -> 0.000709999
10 26 -> 0.000762358
10 27 -> 0.000673564
10 28 -> 0.000324435
10 29 -> 0.00104682
10 30 -> 0.000974032
10 31 -> 0.0004629
10 32 -> 0.00108709
10 33 -> 0.000614428
10 34 -> 0.00105454
10 35 -> 0.0722596
10 36 -> 0.000722085
10 37 -> 0.000848093
10 38 -> 0.000890204
10 39 -> 0.000790166
10 40 -> 0.000861044
11 12 -> 0.0891844
11 13 -> 0.000731647
11 14 -> 0.00127778
11 15 -> 0.000665708
11 16 -> 0.00113852
11 17 -> 0.00150702
11 18 -> 0.106277
11 19 -> 0.000538909
11 20 -> 0.00055695
11 21 -> 0.00110689
11 22 -> 0.000830102
11 23 -> 0.00133527
11 24 -> 0.00114986
11 25 -> 0.000939068
11 26 -> 0.000720047
11 27 -> 0.000679213
11 28 -> 0.000807653
11 29 -> 0.000794007
11 30 -> 0.00138048
11 31 -> 0.000596782
11 32 -> 0.00105523
11 33 -> 0.000811921
11 34 -> 0.000376537
11 35 -> 0.0183908
11 36 -> 0.000743141
11 37 -> 0.000904387
11 38 -> 0.000965999
11 39 -> 0.000599437
11 40 -> 0.00125037
12 13 -> 0.000764508
12 14 -> 0.00157661
12 15 -> 0.0007351
12 16 -> 0.00166939
12 17 -> 0.00106533
12 18 -> 0.083898
12 19 -> 0.000946781
12 20 -> 0.000494805
12 21 -> 0.00109554
12 22 -> 0.00121642
12 23 -> 0.000757747
12 24 -> 0.00130244
12 25 -> 0.000957671
12 26 -> 0.000666631
12 27 -> 0.00100258
12 28 -> 0.000700987
12 29 -> 0.000702389
12 30 -> 0.000904458
12 31 -> 0.000662453
12 32 -> 0.000852111
12 33 -> 0.000733909
12 34 -> 0.000845354
12 35 -> 0.0126824
12 36 -> 0.000854763
12 37 -> 0.000784149
12 38 -> 0.00106443
12 39 -> 0.00114878
12 40 -> 0.0008449
13 14 -> 0.00149365
13 15 -> 0.00158111
13 16 -> 0.00146701
13 17 -> 0.00114722
13 18 -> 0.000813412
13 19 -> 0.00158988
13 20 -> 0.00156085
13 21 -> 0.001408
13 22 -> 0.00146706
13 23 -> 0.00127993
13 24 -> 0.0013245
13 25 -> 0.00155443
13 26 -> 0.120856
13 27 -> 0.109053
13 28 -> 0.00125258
13 29 -> 0.00153587
13 30 -> 0.00283227
13 31 -> 0.0161477
13 32 -> 0.00175576
13 33 -> 0.0131603
13 34 -> 0.0025031
13 35 -> 0.000682543
13 36 -> 0.00197978
13 37 -> 0.00162004
13 38 -> 0.0010163
13 39 -> 0.00132988
13 40 -> 0.00110209
14 15 -> 0.00347815
14 16 -> 0.69235
14 17 -> 0.0034245
14 18 -> 0.00108683
14 19 -> 0.00455851
14 20 -> 0.0010789
14 21 -> 0.0518646
14 22 -> 0.0069293
14 23 -> 0.00445055
14 24 -> 0.0562825
14 25 -> 0.00410209
14 26 -> 0.0014467
14 27 -> 0.00197531
14 28 -> 0.0364997
14 29 -> 0.00164684
14 30 -> 0.00175651
14 31 -> 0.00118192
14 32 -> 0.00185797
14 33 -> 0.000952478
14 34 -> 0.00233457
14 35 -> 0.00131847
14 36 -> 0.00107682
14 37 -> 0.00157551
14 38 -> 0.0715028
14 39 -> 0.00571279
14 40 -> 0.0685341
15 16 -> 0.00367164
15 17 -> 0.00111152
15 18 -> 0.00120019
15 19 -> 0.017777
15 20 -> 0.00130866
15 21 -> 0.00388986
15 22 -> 0.0197341
15 23 -> 0.0358433
15 24 -> 0.00405197
15 25 -> 0.00309267
15 26 -> 0.00117184
15 27 -> 0.00125858
15 28 -> 0.00367508
15 29 -> 0.00149787
15 30 -> 0.00221112
15 31 -> 0.000741984
15 32 -> 0.00160177
15 33 -> 0.00148125
15 34 -> 0.000993357
15 35 -> 0.000552042
15 36 -> 0.00162212
15 37 -> 0.00136906
15 38 -> 0.00391047
15 39 -> 0.0361275
15 40 -> 0.00376658
16 17 -> 0.00336234
16 18 -> 0.000978765
16 19 -> 0.00455084
16 20 -> 0.00125568
16 21 -> 0.0533493
16 22 -> 0.00721999
16 23 -> 0.00419083
16 24 -> 0.0583981
16 25 -> 0.00370223
16 26 -> 0.00170697
16 27 -> 0.0023833
16 28 -> 0.037216
16 29 -> 0.00152901
16 30 -> 0.00189533
16 31 -> 0.00125345
16 32 -> 0.00174561
16 33 -> 0.00116156
16 34 -> 0.00216705
16 35 -> 0.0010682
16 36 -> 0.00112688
16 37 -> 0.00153885
16 38 -> 0.0738517
16 39 -> 0.00597669
16 40 -> 0.0705281
17 18 -> 0.000895285
17 19 -> 0.00169097
17 20 -> 0.00174925
17 21 -> 0.00315936
17 22 -> 0.00400035
17 23 -> 0.00164256
17 24 -> 0.00336795
17 25 -> 0.00234946
17 26 -> 0.00147335
17 27 -> 0.00159285
17 28 -> 0.00174399
17 29 -> 0.0345787
17 30 -> 0.0206147
17 31 -> 0.00164803
17 32 -> 0.0333101
17 33 -> 0.00128644
17 34 -> 0.00190179
17 35 -> 0.000655446
17 36 -> 0.0381548
17 37 -> 0.0357813
17 38 -> 0.00236096
17 39 -> 0.00396143
17 40 -> 0.00219643
18 19 -> 0.000925509
18 20 -> 0.000669493
18 21 -> 0.000905856
18 22 -> 0.00113295
18 23 -> 0.00117859
18 24 -> 0.000646905
18 25 -> 0.00101956
18 26 -> 0.000710157
18 27 -> 0.000833587
18 28 -> 0.000568348
18 29 -> 0.00101883
18 30 -> 0.000892605
18 31 -> 0.00066613
18 32 -> 0.000884629
18 33 -> 0.000616347
18 34 -> 0.000570974
18 35 -> 0.0182415
18 36 -> 0.000877619
18 37 -> 0.000891282
18 38 -> 0.000716437
18 39 -> 0.000734621
18 40 -> 0.000719215
19 20 -> 0.00123284
19 21 -> 0.00419651
19 22 -> 0.0855771
19 23 -> 0.0163173
19 24 -> 0.00444017
19 25 -> 0.00290876
19 26 -> 0.0014004
19 27 -> 0.00115463
19 28 -> 0.00366458
19 29 -> 0.00154821
19 30 -> 0.00186445
19 31 -> 0.000911637
19 32 -> 0.00168222
19 33 -> 0.000927605
19 34 -> 0.00155344
19 35 -> 0.000915373
19 36 -> 0.00163013
19 37 -> 0.00171549
19 38 -> 0.00375796
19 39 -> 0.0185506
19 40 -> 0.0033682
20 21 -> 0.00110349
20 22 -> 0.00119429
20 23 -> 0.00141183
20 24 -> 0.001277
20 25 -> 0.00165983
20 26 -> 0.00107399
20 27 -> 0.00104668
20 28 -> 0.0010467
20 29 -> 0.0020312
20 30 -> 0.00231393
20 31 -> 0.00151742
20 32 -> 0.00190431
20 33 -> 0.0013045
20 34 -> 0.00117432
20 35 -> 0.000376163
20 36 -> 0.001697
20 37 -> 0.00195087
20 38 -> 0.00114562
20 39 -> 0.00109256
20 40 -> 0.00120133
21 22 -> 0.00591121
21 23 -> 0.00421203
21 24 -> 0.590067
21 25 -> 0.00336206
21 26 -> 0.00172239
21 27 -> 0.00184917
21 28 -> 0.0265721
21 29 -> 0.00150363
21 30 -> 0.00148452
21 31 -> 0.00200447
21 32 -> 0.00172315
21 33 -> 0.00131578
21 34 -> 0.00186307
21 35 -> 0.000905258
21 36 -> 0.00120753
21 37 -> 0.00188374
21 38 -> 0.0433653
21 39 -> 0.00463454
21 40 -> 0.040357
22 23 -> 0.016025
22 24 -> 0.00614215
22 25 -> 0.00358891
22 26 -> 0.00166548
22 27 -> 0.00121018
22 28 -> 0.00409424
22 29 -> 0.00134143
22 30 -> 0.0017444
22 31 -> 0.00122097
22 32 -> 0.00156871
22 33 -> 0.00119727
22 34 -> 0.0014114
22 35 -> 0.00112948
22 36 -> 0.00142671
22 37 -> 0.00146267
22 38 -> 0.00446831
22 39 -> 0.0241201
22 40 -> 0.004091
23 24 -> 0.00445291
23 25 -> 0.00278015
23 26 -> 0.00119831
23 27 -> 0.0014524
23 28 -> 0.00464396
23 29 -> 0.00169469
23 30 -> 0.00180658
23 31 -> 0.00125297
23 32 -> 0.00182449
23 33 -> 0.00122302
23 34 -> 0.000972608
23 35 -> 0.00100312
23 36 -> 0.0012553
23 37 -> 0.00165303
23 38 -> 0.00320722
23 39 -> 0.0315994
23 40 -> 0.00304062
24 25 -> 0.00323995
24 26 -> 0.0016094
24 27 -> 0.00207477
24 28 -> 0.0270695
24 29 -> 0.00147847
24 30 -> 0.00153464
24 31 -> 0.00163995
24 32 -> 0.00169512
24 33 -> 0.00116629
24 34 -> 0.00185336
24 35 -> 0.000986398
24 36 -> 0.00111126
24 37 -> 0.00174831
24 38 -> 0.0435253
24 39 -> 0.00479778
24 40 -> 0.0406428
25 26 -> 0.00164345
25 27 -> 0.00164351
25 28 -> 0.00228322
25 29 -> 0.00183825
25 30 -> 0.00240133
25 31 -> 0.0017607
25 32 -> 0.00211684
25 33 -> 0.00150525
25 34 -> 0.00201101
25 35 -> 0.000785268
25 36 -> 0.00174011
25 37 -> 0.00172438
25 38 -> 0.00278202
25 39 -> 0.00383377
25 40 -> 0.00276895
26 27 -> 0.247425
26 28 -> 0.00126919
26 29 -> 0.00174208
26 30 -> 0.0027122
26 31 -> 0.0154733
26 32 -> 0.00177061
26 33 -> 0.0123808
26 34 -> 0.00221061
26 35 -> 0.000905821
26 36 -> 0.00172125
26 37 -> 0.00154149
26 38 -> 0.0014288
26 39 -> 0.00138439
26 40 -> 0.00168175
27 28 -> 0.00115793
27 29 -> 0.00141306
27 30 -> 0.00234273
27 31 -> 0.0147017
27 32 -> 0.00145226
27 33 -> 0.0103137
27 34 -> 0.00231194
27 35 -> 0.000797784
27 36 -> 0.00145459
27 37 -> 0.00148084
27 38 -> 0.00160322
27 39 -> 0.00159744
27 40 -> 0.00146553
28 29 -> 0.0019505
28 30 -> 0.00208712
28 31 -> 0.00126215
28 32 -> 0.00192752
28 33 -> 0.00128216
28 34 -> 0.000994065
28 35 -> 0.000473687
28 36 -> 0.00173236
28 37 -> 0.00159499
28 38 -> 0.0345754
28 39 -> 0.00399598
28 40 -> 0.0339044
29 30 -> 0.031431
29 31 -> 0.00145564
29 32 -> 0.718721
29 33 -> 0.0017706
29 34 -> 0.00135971
29 35 -> 0.000582235
29 36 -> 0.087958
29 37 -> 0.689258
29 38 -> 0.00200509
29 39 -> 0.00109849
29 40 -> 0.00201508
30 31 -> 0.00275474
30 32 -> 0.0308697
30 33 -> 0.00324658
30 34 -> 0.00212149
30 35 -> 0.00129099
30 36 -> 0.0353183
30 37 -> 0.0324223
30 38 -> 0.00241571
30 39 -> 0.00188926
30 40 -> 0.00234482
31 32 -> 0.00148487
31 33 -> 0.185178
31 34 -> 0.00219209
31 35 -> 0.00073055
31 36 -> 0.00162391
31 37 -> 0.00145483
31 38 -> 0.00171952
31 39 -> 0.00149921
31 40 -> 0.00146641
32 33 -> 0.00197533
32 34 -> 0.00144299
32 35 -> 0.00056613
32 36 -> 0.0847902
32 37 -> 0.711657
32 38 -> 0.00228475
32 39 -> 0.00153906
32 40 -> 0.00231876
33 34 -> 0.00167068
33 35 -> 0.00130737
33 36 -> 0.00221632
33 37 -> 0.00180585
33 38 -> 0.00130587
33 39 -> 0.00148336
33 40 -> 0.00127856
34 35 -> 0.000762044
34 36 -> 0.00145031
34 37 -> 0.00132749
34 38 -> 0.00171167
34 39 -> 0.00145952
34 40 -> 0.00149853
35 36 -> 0.00123686
35 37 -> 0.00064107
35 38 -> 0.00121264
35 39 -> 0.00083291
35 40 -> 0.000649596
36 37 -> 0.0912096
36 38 -> 0.00136808
36 39 -> 0.00128168
36 40 -> 0.00120618
37 38 -> 0.0021641
37 39 -> 0.00140364
37 40 -> 0.00213462
38 39 -> 0.00413414
38 40 -> 0.50026
39 40 -> 0.003361
